1
2
3
4
5
6
7
8
9
10
12
13
14
15
16
17
18
20
21
22
23
24
25
26
27
28
30
32
33
34
35
36
37
38
39
40
41
43
45
46
47
48
49
50
51
52
53
54
55
56
57
58
59
60
61
62
63
64
65
66
69
71
72
73
74
75
76
77
78
79
80
81
82
84
85
87
88
89
90
93
94
95
96
97
98
99
101
103
105
106
107
108
109
110
111
112
114
116
117
118
119
120
121
122
124
125
126
127
128
183
226
232
259
631
632
649
664
688
689
712
729

11
19
29
113
115
169
278
301
316
317
321
324
325
338
341
357
369
372
377
381
383
384
386
388
389
396
400
402
405
419
422
423
425
429
431
435
444
451
460
464
467
468
476
477
479
482
489
494
524
543
550
625
810
811

31
44
70
83
86
92
100
102
305
309
315
320
326
327
328
331
334
340
344
345
351
355
358
360
362
365
370
371
375
376
380
382
391
392
393
394
395
398
403
404
408
421
424
433
436
439
440
441
519
528
591

42
67
68
91
104
123
129
149
150
153
156
164
176
189
195
229
230
243
244
251
256
271
356
411
414
437
446
447
448
452
453
457
716
758
778
863
1095

130
131
132
133
134
137
139
141
142
145
147
148
152
154
159
160
162
166
168
170
171
172
174
175
177
178
181
185
187
188
190
191
192
193
194
196
198
200
201
203
204
205
206
207
208
209
210
211
212
213
214
215
216
217
218
219
220
221
222
223
224
225
227
228
231
234
235
236
237
238
239
246
247
252
253
257
264
265
266
268
269
272
273
274
277
280
281
282
284
287
288
289
290
291
292
293
294
298
299
302
303
307
311
312
313
314
318
319
322
323
329
330
332
333
335
354
361
367
368
373
378
385
390
399
410
412
415
427
434
449
458
462
465
470
471
474
475
478
484
510
549
561
623
630
679
692
746
750
772
773
776
777
782
808
892

135
136
138
146
155
157
158
161
165
167
173
179
182
186
197
199
202
242
310
420
428
430
459
461
463
486
551
552
560
562
620
761
763

140
143
144
151
163
180
184
233
249
261
263
267
270
276
283
285
286
336
342
343
348
349
352
359
364
366
374
379
387
407
409
417
418
432
455
456
469
488
511
518
521
522
525
617
618
628
634
645
647
648
650
655
666
672
686
690
691
693
694
711
714
717
728
742
747
762
765
768
769
775
779
783
785
787
788
789
790
899
901
902
904
906
1067
1079

240
241
245
248
250
254
255
258
260
275
279
295
297
300
306
339
346
347
350
353
363
406
413
416
438
442
454
472
473
481
483
487
490
491
492
493
495
496
497
498
499
500
501
502
503
504
505
506
507
508
509
512
514
515
516
517
652
715
721
725
749
753
809
816
883

262
296
304
308
337
397
401
426
443
445
450
466
480
513
533
534
597
624
638
642
651
653
654
657
658
659
660
661
662
663
665
667
668
669
670
671
673
674
675
676
677
678
681
682
684
685
695
696
697
698
699
701
703
707
710
713
734
745
793

485
520
523
526
527
529
530
531
532
535
536
537
538
539
540
541
542
544
545
546
547
548
553
554
555
556
557
558
559
563
564
565
566
567
568
569
570
571
572
573
574
575
576
577
578
579
580
581
582
583
584
585
586
587
588
589
590
592
593
594
595
596
598
599
600
601
602
603
604
605
606
607
608
609
610
611
612
613
614
615
616
619
621
622
626
627
629
633
635
636
637
639
640
641
643
644
680
683
687
702
704
705
706
708
709
718
719
720
722
723
724
726
727
736
737
738
739
741
743
748
792
796
814
827
836
852
854
860
865
900
908
913
914
916
917
918
919
920
921
922
924
925
926
927
928
929
930
933
936
938
940
946
950
966
984
986
989
992
994
1000
1008
1017
1022
1034
1036
1049
1061
1064
1065
1070
1073
1074
1076

646
794
798
799
801
812
823
839
840
841
842
846
848
849
861
880
895
896
897
898
903
923
931
935
937
939
956
957
987
991
1032
1044
1050
1057
1059
1060

656
700
730
731
732
733
735
740
744
755
756
780
845
855
856
869
887
890
909
951
960

751
781
831
853
877
888
894
932
934
954
955
959
985
996
997
1002
1010
1018
1021
1024
1026
1029

752
754
757
759
760
764
766
767
770
771
774
784
786
791
795
797
800
802
803
804
805
806
807
884
945
947
949
952
953
958
961
962
963
964
965
967
972
974
975
977
979
980
982
983
990
993
1009
1051

813
817
818
819
820
829
830
835
844
850
858
862
878
882

815
885
886
907
910
911
912
915
941
942
948
968
969
970
971
973
976
978
981
1001
1004

821
822
824
825
826
828
832
833
834
837
838
843
847
851
857
859
864
866
867
868
870
872
873
874
876
879
881
889
891
893
905
943
944
988
1006
1011
1013
1014
1023
1025
1027
1028
1030
1031
1033
1035
1037
1038
1039
1040
1041
1042
1043
1045
1046
1047
1052
1053
1054
1056
1062
1063
1066
1069
1071
1072
1078
1080
1081
1083
1084
1085
1086
1087
1088
1090
1092

871
875

995
998
999
1003
1005
1007
1012
1019
1020
1075
1077

1015
1016
1048
1055
1058
1068
1082
1089
1091
1093
1094

