250
t_index tf-idf
90 0.031015391751874812
116 0.04280147673554689
118 0.03574546326431483
197 0.04914614132081767
208 0.10957729543743397
367 0.01834338971349767
388 0.019384606742591598
405 0.028922335131976406
458 0.01561421287882348
481 0.04280147673554689
491 0.027211135298931686
497 0.07715401515300241
571 0.021363156508858904
685 0.06089497878704565
782 0.01109329082978551
812 0.03361261960971255
813 0.02368312856331566
871 0.036242806352516324
877 0.009727666063556191
883 0.07586436817873586
928 0.1895740945193085
940 0.20534321880372014
1014 0.06089497878704565
1036 0.043963351439867515
1046 0.03361261960971255
1140 0.04272631301771781
1150 0.07724471602135277
1180 0.02321268235967663
1189 0.024180471651517155
1310 0.051335804700930035
1350 0.1217899575740913
1511 0.06089497878704565
1541 0.06089497878704565
1558 0.051335804700930035
1604 0.04280147673554689
1642 0.0906092747008609
1680 0.009606982641707625
1694 0.013353439392092008
1727 0.06089497878704565
1757 0.05442227059786337
1822 0.06089497878704565
1905 0.05205326168268416
1906 0.043963351439867515
1982 0.04530463735043045
2010 0.028582686058189453
2088 0.09478704725965426
2109 0.1329692105977251
2174 0.03733186778483767
2243 0.03021163900201674
2572 0.043963351439867515
2721 0.08355326122962885
2785 0.06089497878704565
2834 0.07149092652862966
2836 0.04883264408604648
2896 0.02056757511839995
2927 0.053137789640669994
2930 0.01916615672782324
2931 0.13699566544228078
3005 0.034404177353751904
3128 0.02023606320419221
3129 0.022341842652752728
3140 0.18268493636113697
3334 0.1217899575740913
3481 0.06089497878704565
3514 0.041776630614814424
3523 0.015331989158359318
3667 0.02602663084134208
3721 0.02449409003067818
3769 0.024707974684048128
3957 0.015378395322905122
3964 0.027581452259212963
4067 0.0906092747008609
4093 0.04280147673554689
4207 0.05952420893881451
4241 0.008072668885998294
4263 0.01561421287882348
4342 0.028373010003252316
4385 0.12532989184444326
4439 0.06123522507669544
4465 0.02641439676567864
4497 0.03021163900201674
4539 0.04280147673554689
4628 0.06089497878704565
4650 0.05143168594912038
4736 0.06089497878704565
4753 0.02354636382380133
4760 0.08006113551486889
4807 0.028534880342295062
4853 0.040030567757434445
4905 0.03399940040693486
4957 0.036242806352516324
4965 0.06059520239173006
5085 0.1072363897929445
5110 0.02947589373431414
5207 0.029242595130803076
5263 0.033147138951100164
5270 0.01089648778239941
5442 0.01380751468736958
5460 0.06799880081386972
5484 0.040030567757434445
5744 0.029959414523775152
5751 0.06089497878704565
5752 0.06089497878704565
5765 0.05486381143654607
5828 0.03254584022600161
5994 0.034828707169954114
5997 0.04883264408604648
6015 0.04530463735043045
6092 0.053367264532801426
6175 0.0252695330838385
6322 0.06089497878704565
6339 0.05182818340052542
6509 0.02030634756949024
6564 0.01575883341405578
6566 0.011265596167746129
6568 0.09766528817209295
6578 0.015013896574293218
6585 0.038769213485183196
6639 0.06089497878704565
6670 0.04883264408604648
6680 0.00999921288811372
6698 0.03391099757877283
6699 0.06089497878704565
6740 0.07354061877009462
6793 0.014003936916092368
6817 0.017296763518245717
6818 0.018409058970319653
6826 0.04914614132081767
6890 0.10972762287309214
6891 0.06089497878704565
6908 0.011471028801371493
6960 0.012410913045514779
7086 0.034828707169954114
7091 0.06089497878704565
7094 0.051335804700930035
7112 0.11964123586637782
7205 0.03190101673886834
7213 0.02941404745810399
7254 0.022658282442583194
7274 0.07715401515300241
7314 0.016055491757420427
7323 0.03399940040693486
7395 0.039273469999930866
7622 0.01281726557137231
7659 0.06089497878704565
7731 0.09976269055250161
7758 0.031151143228678353
7854 0.0349628394424328
7880 0.06089497878704565
7896 0.04883264408604648
7906 0.043963351439867515
8010 0.04531656488516639
8017 0.05486381143654607
8105 0.07354061877009462
8108 0.006890722349876462
8121 0.041776630614814424
8126 0.05486381143654607
8207 0.03674113504601727
8215 0.04665586173749061
8546 0.02602663084134208
8653 0.019995463490842493
8760 0.15400741410279012
8767 0.014123954477200044
8787 0.03695045523584035
8788 0.07855886753459766
8789 0.06089497878704565
8831 0.04655735267464136
9010 0.037353614667097086
9077 0.024845003267636286
9103 0.06089497878704565
9252 0.03574546326431483
9337 0.032217456528698805
9362 0.08355326122962885
9423 0.2743190571827303
9428 0.040030567757434445
9482 0.0370838066198185
9503 0.022446049110558627
9587 0.03793218408936793
9734 0.02164538022932307
9746 0.017531943651708397
9763 0.04272631301771781
9793 0.03574546326431483
9964 0.034828707169954114
9972 0.06089497878704565
10001 0.021000556742189796
10004 0.024707974684048128
10048 0.014123954477200044
10113 0.04689104187095329
10153 0.04883264408604648
10212 0.030479825588167697
10225 0.010673077737060941
10285 0.08842768120294242
10332 0.07248561270503265
10340 0.05486381143654607
10348 0.033254230184167205
10454 0.1217899575740913
10486 0.027004360736771968
10544 0.06089497878704565
10555 0.038577007576501204
10559 0.030471393671318833
10759 0.017354965308679852
10806 0.05486381143654607
10883 0.05486381143654607
11003 0.038047023944147676
11037 0.01991671964819853
11092 0.1524946445585471
11176 0.030739142034547716
11221 0.1217899575740913
11264 0.09766528817209295
11451 0.040030567757434445
11483 0.029500411260445298
11494 0.30801482820558024
11557 0.10267160940186007
11626 0.14649793225813942
11642 0.010176534735424786
11650 0.04280147673554689
11664 0.09766528817209295
11712 0.09655589502669097
11713 0.05486381143654607
11769 0.029017833490385586
11904 0.010924331438886825
11953 0.021089799937103713
11969 0.036061807518033416
11989 0.053711875208722656
12000 0.010813487452932875
12001 0.034404177353751904
12034 0.03021163900201674
12036 0.02048350552500244
12065 0.023327930868745305
12072 0.030739142034547716
12080 0.026683632266400713
12160 0.043963351439867515
12161 0.010595947741584016
12270 0.0341761035819236
12378 0.06089497878704565
12477 0.04914614132081767
12608 0.015529841257582762
12777 0.06089497878704565
12807 0.025125709392347526
12842 0.07669354520815548
12986 0.011236640616141573
13103 0.04530463735043045
13115 0.024309379716338265
13140 0.05137337454085529
13148 0.02223886943642396
13224 0.01306337469134835
13370 0.013606896892833755
13383 0.06089497878704565
13398 0.021741526348222465
13406 0.06089497878704565
