267
t_index tf-idf
70 0.027612721401135156
105 0.02813446951436355
114 0.035606981953673456
145 0.04195515488283492
204 0.041038368297832625
239 0.024540988766980184
342 0.03254984539446409
355 0.0990674980529286
380 0.028241446433519734
405 0.010534242314126196
414 0.03125957776291034
438 0.02957794110783926
458 0.022748357110076337
466 0.057217544518171994
498 0.04018343610890841
633 0.07993112330824587
647 0.045219625348684754
689 0.06660911720431781
696 0.022888432454536235
719 0.07114431159096284
732 0.021808913343547027
782 0.016161822775206745
877 0.028344486293185558
912 0.17743587005105776
953 0.06405023590182096
1060 0.08729578182195212
1168 0.13318138101286942
1180 0.03381857234166784
1193 0.03815082208987332
1247 0.08729578182195212
1392 0.06831559003468397
1451 0.066004356235455
1562 0.07106340262981695
1579 0.07993112330824587
1608 0.04018343610890841
1735 0.024461009386917042
1763 0.057217544518171994
1867 0.026074267476410024
1933 0.06831559003468397
1985 0.021808913343547027
1987 0.04018343610890841
2010 0.08328426859079516
2044 0.041038368297832625
2064 0.020460361978564715
2156 0.04074693730918129
2237 0.09675466974164881
2333 0.08871793502552888
2360 0.026256669036117567
2434 0.05952877831740095
2467 0.039910808618918193
2554 0.026108962877468025
2571 0.012422096476529691
2607 0.04478387643911379
2663 0.03815082208987332
2700 0.0495337490264643
2780 0.0456020112446101
2786 0.02486604990275639
2804 0.0299649138456563
2831 0.03815082208987332
2861 0.024068510860831546
2874 0.020934312120902195
2931 0.024948634492489765
2940 0.042943449151780964
2985 0.07114431159096284
3034 0.045186344835701185
3046 0.042276100878276414
3078 0.11173487693376209
3189 0.03381857234166784
3320 0.11662620469584184
3359 0.039910808618918193
3426 0.04843073280088898
3532 0.11652561614247757
3537 0.046937633807156334
3545 0.05438882296189312
3876 0.04786908418323174
3891 0.07493085740688604
4033 0.029364010372590295
4059 0.03522854520350543
4068 0.041508995809493604
4121 0.029364010372590295
4136 0.05648289286703947
4148 0.033168343165551895
4172 0.10560433727614292
4212 0.062085366601378894
4241 0.023522153319575908
4263 0.022748357110076337
4338 0.042943449151780964
4380 0.11108477445240826
4383 0.033327800484263204
4448 0.07114431159096284
4576 0.04195515488283492
4602 0.051392195776233864
4652 0.06405023590182096
4654 0.05280216863807146
4753 0.03430471308829597
4807 0.02771499074411391
4852 0.026629539731447653
4856 0.014567859895581754
4866 0.05438882296189312
4942 0.05438882296189312
4960 0.029842432799218208
4965 0.04414059529807985
4967 0.07321132539140685
5103 0.07509528187315445
5235 0.041336657111747103
5270 0.015875100284804298
5318 0.026348863549320537
5374 0.02867861698616
5394 0.025984041546127344
5401 0.0495337490264643
5409 0.015754177049697168
5420 0.05357068815639681
5458 0.031960125591898265
5468 0.07008696150680116
5474 0.017654921768939392
5528 0.05832056074374732
5616 0.04647661246725493
5662 0.08588689830356193
5716 0.051392195776233864
5731 0.17614272601752712
5732 0.07876507355622611
5768 0.066004356235455
6249 0.026916571383011716
6303 0.17140741701207912
6304 0.07993112330824587
6316 0.05832056074374732
6339 0.018877128701772255
6389 0.08871793502552888
6554 0.04843073280088898
6566 0.016412854536482176
6640 0.15561998450817588
6650 0.15986224661649173
6680 0.10197501926907228
6686 0.057217544518171994
6698 0.024702477443710378
6716 0.03072574353075236
6727 0.02438153144826888
6733 0.04127204661397543
6793 0.02040234499084491
6799 0.04897024782619143
6816 0.036399533118418176
6908 0.016712149476806146
6932 0.037028258150802754
6936 0.08871793502552888
6946 0.028349333805485568
7137 0.017842728014164633
7186 0.05207758916266416
7213 0.021426672635454055
7495 0.029131404035619392
7580 0.03599706472183077
7598 0.05012346882903012
7619 0.07993112330824587
7684 0.027715367222606733
7787 0.07160104592044471
7793 0.022959054863875793
7811 0.06280293636270659
7864 0.014458734202848133
8179 0.007839101442674823
8207 0.017842728014164633
8212 0.04860509740496704
8309 0.07479116795273802
8322 0.0464910918402623
8427 0.08871793502552888
8429 0.0456020112446101
8501 0.0384831521855221
8543 0.051392195776233864
8617 0.02075156325938535
8632 0.04647661246725493
8775 0.02751090005299415
8872 0.04843073280088898
8880 0.039643921083605954
8942 0.08455220175655283
8969 0.04897024782619143
8970 0.050741966600117934
8987 0.03791821575290241
9010 0.027210253004547755
9028 0.034156637434497955
9153 0.0456020112446101
9198 0.027409890038956254
9240 0.060864400879947184
9245 0.09545065390893594
9248 0.08871793502552888
9295 0.08871793502552888
9437 0.04767743126292993
9451 0.08956775287822757
9452 0.05944224767637043
9624 0.07199412944366154
9640 0.03815082208987332
9641 0.07993112330824587
9685 0.012734345999237019
9707 0.07876507355622611
9825 0.046031770695203714
9881 0.04164213429539758
9884 0.056202867951067256
9964 0.10148393320023587
9973 0.11588773354950369
10022 0.07279906623683635
10044 0.06235749987367982
10048 0.02057719865530728
10109 0.03791821575290241
10174 0.08871793502552888
10202 0.046031770695203714
10217 0.07083270289746134
10225 0.015549614041419562
10252 0.08871793502552888
10329 0.025805493669285706
10374 0.02220303906810594
10447 0.03768980074997192
10483 0.08871793502552888
10507 0.018825909683852136
10590 0.08871793502552888
10600 0.050741966600117934
10634 0.05357068815639681
10755 0.042943449151780964
10759 0.025284460480891252
10849 0.04741605623378424
10856 0.021055621081935195
11069 0.07479116795273802
11098 0.17743587005105776
11103 0.03838777645970789
11139 0.17743587005105776
11140 0.08871793502552888
11183 0.07314459434480665
11190 0.008276271995315092
11213 0.025369825717214935
11275 0.013754292443653044
11312 0.03254984539446409
11361 0.03239982364722655
11386 0.03450396572809813
11391 0.060864400879947184
11453 0.050741966600117934
11506 0.03791821575290241
11522 0.056202867951067256
11536 0.0627932487832508
11744 0.029364010372590295
11758 0.03365286162003941
11772 0.08455220175655283
11865 0.023838715631464964
11897 0.024702477443710378
11904 0.01591566572642736
12000 0.047262531149091506
12018 0.03348928916099339
12024 0.07993112330824587
12030 0.039910808618918193
12036 0.14921216399609102
12086 0.02867861698616
12131 0.07008696150680116
12204 0.03599706472183077
12267 0.066004356235455
12270 0.016597062666475298
12755 0.08952729839765464
12784 0.04401535692078844
12828 0.07993112330824587
12861 0.04647661246725493
12916 0.03450396572809813
12968 0.03046702659816562
12973 0.14395153302305988
13055 0.024461009386917042
13084 0.02148958437593982
13104 0.07045709040701086
13155 0.05280216863807146
13192 0.03660566269570342
13212 0.0627932487832508
13224 0.019032039261137387
13372 0.02220303906810594
13405 0.0322515565805496
13452 0.04647661246725493
