262
t_index tf-idf
27 0.02801611669578698
51 0.03868412653224109
107 0.025013042981876198
243 0.04114394906278055
352 0.03252458203023513
361 0.03040138649200643
405 0.029789778163948188
589 0.020557804764304206
599 0.03374675986293504
610 0.053935154437463356
732 0.020557804764304206
784 0.027244915703911254
821 0.04424496978394553
877 0.013359226252605081
883 0.10418627164923044
927 0.04516461328078758
1072 0.023285374217541486
1074 0.02367464212309411
1092 0.028599133200318264
1241 0.03552765574414591
1273 0.030825672528834294
1286 0.05737280215093911
1447 0.0281304665443004
1476 0.034120211130862735
1489 0.051674942181256164
1507 0.02972609564492801
1531 0.06221789447769801
1599 0.03054114794466141
1680 0.013193488949650809
1700 0.037123284844773514
1701 0.023362219935632735
1802 0.07050063451793268
1907 0.028719229366798167
1917 0.04080732207046979
1930 0.02074211897858452
2071 0.036413206584535056
2097 0.04616097914701062
2311 0.05611380004262226
2344 0.07424656968954703
2366 0.03320759466626143
2375 0.026723021931017228
2377 0.07575647821355193
2410 0.07050063451793268
2422 0.04381039578438056
2437 0.02801611669578698
2455 0.038409414020316
2471 0.022258407904426753
2554 0.012305587008815115
2571 0.02341895995505063
2657 0.03156811425777614
2672 0.04909006211070444
2868 0.028840544804538865
2886 0.06223427483390392
2927 0.04865022776172688
2933 0.06439654008285692
2956 0.04149033470649608
2973 0.12814712365517603
2981 0.03252458203023513
2982 0.04211154263125104
2993 0.029212060779243283
3078 0.03510833314164944
3129 0.030682563417386996
3157 0.211501903553798
3203 0.08362846688492624
3204 0.07534572684469158
3301 0.14931922424019223
3355 0.054974894100785314
3390 0.04844398758131261
3522 0.021575395268400452
3559 0.030825672528834294
3560 0.032359759169062904
3561 0.053935154437463356
3591 0.021247992103626816
3631 0.046653692049174154
3678 0.06706298680445692
3721 0.016819146979017704
3755 0.07534572684469158
3857 0.04149033470649608
3860 0.05878024676422227
3866 0.036413206584535056
3892 0.03172230308070895
3927 0.0478310600023876
3957 0.021119501962589812
3966 0.026621323717334167
4027 0.043283932585679474
4068 0.019563877813893495
4110 0.037123284844773514
4375 0.019396749663241557
4404 0.03938349710098071
4416 0.04173318745785236
4436 0.058424121558486565
4439 0.016819146979017704
4465 0.018137747554924713
4536 0.0339320266435183
4553 0.019396749663241557
4598 0.036413206584535056
4856 0.12358932944733256
4965 0.041608388553049463
5051 0.04184706173379174
5207 0.020079762299267858
5253 0.06706298680445692
5270 0.014964395847137506
5449 0.06221789447769801
5479 0.015753426166815684
5498 0.06439654008285692
5514 0.03470322763539403
5515 0.042594146737702065
5658 0.024837312344518886
5661 0.042594146737702065
5686 0.04469594662476971
5702 0.015753426166815684
5726 0.02908693431675939
5736 0.07524250279218966
5740 0.06706298680445692
5778 0.05878024676422227
5793 0.05878024676422227
5874 0.019286615538173173
5957 0.08298066941299216
5964 0.022908388126934253
6005 0.07050063451793268
6121 0.026723021931017228
6381 0.33895105487250793
6509 0.00929572382427792
6540 0.026621323717334167
6545 0.03925325637863659
6564 0.021641966292839737
6566 0.04641390249997409
6576 0.039580829594343364
6585 0.026621323717334167
6596 0.03356432169355708
6640 0.029338511355860176
6671 0.09335141225085587
6680 0.013732147716370286
6716 0.028963104524884004
6727 0.022982839881683627
6771 0.01950790830650674
6814 0.03141588967713937
6946 0.026723021931017228
6957 0.02043648932656351
6987 0.030126673980081342
7002 0.013801219977947716
7061 0.06108229588932282
7172 0.046692154060550654
7331 0.05611380004262226
7359 0.02086659372892618
7363 0.3765283052887854
7369 0.11474560430187822
7389 0.08875329138930188
7418 0.07534572684469158
7467 0.07050063451793268
7505 0.019905314413023477
7521 0.06037587586484988
7522 0.04616097914701062
7622 0.017602243908143706
7684 0.026125424011643018
7758 0.02852038489672996
7811 0.019733376655552325
7854 0.03601145018959048
7876 0.0183893245940255
7972 0.06221789447769801
8000 0.05209313582461522
8107 0.02632123112891739
8139 0.03156811425777614
8179 0.007389396915264834
8218 0.06355072299142153
8275 0.020557804764304206
8284 0.03664524237973717
8296 0.05737280215093911
8309 0.07050063451793268
8494 0.14043333256659776
8501 0.036275495109849426
8503 0.06259978118677853
8504 0.054974894100785314
8529 0.024578468982311235
8578 0.027244915703911254
8617 0.009780555759940687
8766 0.07534572684469158
8767 0.019396749663241557
8798 0.03320759466626143
8844 0.05209313582461522
8848 0.018698379785696485
8905 0.018338583677099507
8934 0.03688187324055292
8948 0.029177190886234227
9022 0.041468288912056235
9025 0.019177487218246667
9052 0.053446043862034456
9091 0.10787030887492671
9123 0.028245921239375662
9125 0.037878239106775964
9151 0.03450571127097944
9210 0.07473934871398809
9231 0.021247992103626816
9634 0.014368660376018473
9675 0.04381039578438056
9693 0.13498703945174015
9749 0.06439654008285692
9775 0.0183893245940255
9796 0.05126870771586334
9850 0.020316393160083608
9870 0.03510833314164944
10042 0.020557804764304206
10048 0.019396749663241557
10116 0.038891781463718515
10167 0.18206603292267529
10212 0.020929320739008626
10225 0.014657581723042228
10264 0.06221789447769801
10285 0.04047991890569615
10376 0.05919099813308261
10380 0.025191396561236253
10450 0.07524250279218966
10457 0.09120415947601929
10458 0.06504916406047026
10485 0.0398508542980108
10633 0.029595499066541305
10654 0.021119501962589812
10837 0.051674942181256164
10857 0.04516461328078758
10921 0.04080732207046979
11028 0.04909006211070444
11082 0.031878507500843305
11183 0.022982839881683627
11190 0.015602976744030108
11275 0.03889575619017648
11400 0.03954831996215294
11483 0.06077038407748034
11530 0.04149033470649608
11563 0.12879308016571384
11695 0.07736825306448218
11712 0.02652048372665438
11886 0.07534572684469158
12005 0.02848023204038779
12039 0.019396749663241557
12043 0.022471163696398906
12161 0.014551657336482645
12169 0.08597193535125736
12323 0.04047991890569615
12471 0.034904063757568826
12475 0.012804854111724677
12585 0.038409414020316
12589 0.03954831996215294
12603 0.029595499066541305
12691 0.06706298680445692
12757 0.024578468982311235
12801 0.02790285074840188
12851 0.028840544804538865
12854 0.04909006211070444
12865 0.02144335560469335
12869 0.07534572684469158
12928 0.04173318745785236
12964 0.019676609479997918
13060 0.025932686478718246
13061 0.05365118620282957
13122 0.06037587586484988
13146 0.06037587586484988
13239 0.019071362087377194
13370 0.018686662658810662
13372 0.020929320739008626
13417 0.09611034274138203
13418 0.23000664748722766
13453 0.0478310600023876
