305
t_index tf-idf
70 0.019889273033177998
76 0.049207298436242705
81 0.019815931743691787
86 0.019387840465870824
107 0.01911320498312622
167 0.023554806914665893
219 0.015210238710474446
296 0.0512949792724841
352 0.07455898154232794
361 0.023230597421272984
458 0.016385501416022838
543 0.05757389546040777
586 0.06339866318693568
589 0.0314176517225784
611 0.025510179658490142
673 0.038636806628263305
674 0.05757389546040777
695 0.02106655894705052
732 0.0314176517225784
748 0.040839700815786
789 0.02682731439107359
851 0.03445144118511099
877 0.02041635877466113
948 0.06390298178251816
957 0.02537490397760534
1081 0.017851762331123334
1231 0.026986117375493772
1234 0.049207298436242705
1307 0.026218359355288396
1468 0.12088015787964604
1517 0.06390298178251816
1518 0.02564748963624205
1701 0.017851762331123334
1712 0.07645281993250488
1713 0.039175933951870544
1800 0.03567885412061421
1805 0.028747509456418328
1917 0.031182080169553046
1930 0.03169933159346784
1985 0.0314176517225784
2079 0.05757389546040777
2268 0.025978633984042515
2285 0.02241842313430793
2322 0.021495320410306128
2337 0.03858663649407657
2388 0.06245593456671747
2389 0.03045121489226516
2390 0.08932361801259457
2413 0.03380888832940168
2431 0.037511166491663445
2437 0.02140794231336646
2467 0.028747509456418328
2471 0.01700830695344028
2497 0.03701748185986593
2535 0.04824425714030952
2554 0.00940306251852674
2556 0.029559683743383382
2571 0.017895119055959512
2582 0.06397084876592031
2636 0.02977453933753152
2659 0.04281588462673292
2672 0.037511166491663445
2676 0.029559683743383382
2699 0.05124480913829737
2723 0.05124480913829737
2730 0.027824406732416526
2786 0.03582172496422026
2858 0.07606615324365226
2868 0.0661137365501988
2981 0.024852993847442648
3049 0.020498228068963193
3174 0.06390298178251816
3182 0.06976871666362962
3240 0.03225755017196617
3271 0.03858663649407657
3276 0.0475425309760356
3281 0.030688395537755535
3333 0.030931901740444
3350 0.02106655894705052
3561 0.04121344465392521
3631 0.08318208304378517
3634 0.02389095314780111
3721 0.012852007014269345
3737 0.028182528767856846
3774 0.05124480913829737
3816 0.05124480913829737
3881 0.029144569467498382
3921 0.05757389546040777
3969 0.03143930679773862
3989 0.04121344465392521
4001 0.03197657595835245
4027 0.033074531418881926
4059 0.02537490397760534
4074 0.0165884195768453
4110 0.056733997011019985
4116 0.020419850407893
4121 0.021150715685180885
4157 0.049207298436242705
4210 0.03022003946991151
4211 0.05214452235053951
4219 0.026986117375493772
4241 0.008471431028201491
4263 0.016385501416022838
4276 0.03488435833181481
4311 0.024852993847442648
4439 0.03855602104280803
4508 0.03654912579202191
4511 0.02537490397760534
4513 0.053871617298146
4554 0.02389095314780111
4562 0.024239948804220524
4566 0.06390298178251816
4584 0.024852993847442648
4585 0.131091796776442
4598 0.027824406732416526
4648 0.3195149089125908
4715 0.02914290186792288
4807 0.009981468505292303
4856 0.010493139693228428
4880 0.06390298178251816
4902 0.03803307662182613
4947 0.037511166491663445
4965 0.015897099365483617
4981 0.03610362565964192
4992 0.037511166491663445
5103 0.01803022289353474
5295 0.053871617298146
5371 0.022321798513590476
5509 0.06390298178251816
5604 0.029349767798503817
5607 0.04287821211413231
5616 0.03347681749979328
5718 0.161614851894438
5726 0.022226185687594015
5735 0.02400580927164761
5771 0.04287821211413231
5776 0.057887762714216744
5822 0.02271458773813324
5836 0.024480250605595087
5869 0.034511615089967244
5911 0.03745415012596341
5919 0.03795784802470383
5934 0.07606615324365226
5938 0.03803307662182613
6134 0.03858663649407657
6142 0.030931901740444
6161 0.05214452235053951
6166 0.03488435833181481
6167 0.04121344465392521
6290 0.0475425309760356
6339 0.027194158907970185
6342 0.018651615081912865
6424 0.03197657595835245
6476 0.02977453933753152
6509 0.028412548612928024
6515 0.017619114295033683
6519 0.01584966579673392
6530 0.03527296767921877
6545 0.05998914534018941
6562 0.06390298178251816
6566 0.01182207796137429
6576 0.015122440520072382
6585 0.04068427959766787
6640 0.02241842313430793
6672 0.029144569467498382
6698 0.017793042248044365
6716 0.022131563685910852
6751 0.028366998505509992
6817 0.018151164283484688
6925 0.053871617298146
6960 0.013023969562834711
6986 0.015343539493233178
6996 0.03380888832940168
7002 0.021091839697142296
7007 0.03380888832940168
7140 0.032846847629760145
7194 0.01695475289112161
7213 0.01543350023520499
7274 0.040482579376637316
7314 0.0336971559140134
7344 0.024838990841986174
7359 0.015944780630232084
7389 0.01695475289112161
7478 0.03488435833181481
7505 0.015210238710474446
7507 0.020983170774338755
7523 0.4799131627215153
7545 0.06137679107551107
7708 0.06390298178251816
7758 0.0217932685408902
7805 0.032846847629760145
8094 0.024480250605595087
8106 0.01959937752774538
8107 0.010056415093912441
8151 0.14762189530872813
8179 0.011292912905116952
8215 0.024480250605595087
8218 0.016186994870916235
8456 0.03143930679773862
8503 0.047834341890696255
8588 0.04287821211413231
8613 0.053871617298146
8617 0.007473611556342523
8634 0.027147731177682887
8660 0.131091796776442
8664 0.11273011507142738
8773 0.013597079453985092
8787 0.019387840465870824
8822 0.03654912579202191
8848 0.028575968622075554
8905 0.02802610695344707
8948 0.011147576699173907
9022 0.02534971556559264
9025 0.014654084452228358
9031 0.03143930679773862
9045 0.03254744567739879
9086 0.043706884891492895
9111 0.04613499014401408
9123 0.021583542753138892
9187 0.03478449387333332
9231 0.01623621839416854
9386 0.029559683743383382
9542 0.03254744567739879
9552 0.026671226120944334
9617 0.017970347653081815
9685 0.009172470934624023
9700 0.05124480913829737
9742 0.026986117375493772
9773 0.034511615089967244
9782 0.06340798059943147
9790 0.05600342427490795
10109 0.027312257096449154
10116 0.01114438462885559
10234 0.025510179658490142
10251 0.02271458773813324
10255 0.04384025281377384
10295 0.03858663649407657
10371 0.011405611053615062
10380 0.0384989804427237
10416 0.03980590382190368
10451 0.026218359355288396
10486 0.02833828349370559
10523 0.03803307662182613
10654 0.04841410584609775
10658 0.03654912579202191
10831 0.032846847629760145
10984 0.06390298178251816
10991 0.053871617298146
10993 0.028182528767856846
11037 0.02090053725607184
11115 0.03701748185986593
11183 0.017561866825690716
11190 0.005961347707107915
11198 0.05124480913829737
11220 0.03380888832940168
11232 0.04491572281618697
11245 0.01911320498312622
11392 0.027650478779405848
11432 0.05757389546040777
11506 0.027312257096449154
11507 0.01275036283162771
11512 0.057495018912836655
11527 0.027824406732416526
11542 0.018651615081912865
11543 0.034511615089967244
11570 0.03610362565964192
11601 0.03254744567739879
11642 0.02135844126265976
11643 0.01959937752774538
11649 0.049207298436242705
11684 0.18274562896010954
11698 0.05124480913829737
11779 0.02090053725607184
11790 0.03347681749979328
11844 0.03315640071318399
11869 0.019889273033177998
11896 0.02132139245729545
11904 0.011463955925933968
11989 0.028182528767856846
12043 0.05151263981553843
12047 0.03415349305452692
12215 0.03415349305452692
12308 0.107743234596292
12483 0.030688395537755535
12560 0.05757389546040777
12575 0.04287821211413231
12603 0.022614795034997973
12614 0.011581776159999732
12656 0.030931901740444
12707 0.06390298178251816
12756 0.03980590382190368
12758 0.3324204341690266
12801 0.02132139245729545
12837 0.02977453933753152
12865 0.032771002832045676
12868 0.025786896030361862
12888 0.06390298178251816
13016 0.029280751470261403
13071 0.03380888832940168
13096 0.01717087993851281
13104 0.02537490397760534
13110 0.01952831925901122
13125 0.03654912579202191
13128 0.0475425309760356
13370 0.021418546362421936
