329
t_index tf-idf
105 0.024772298613076848
195 0.08184497823748177
204 0.07226826960773662
235 0.04467811800009795
239 0.04321650363341143
245 0.020791171569240794
405 0.027826086729819094
524 0.031871064931800495
525 0.015920666673921648
578 0.0620372131800797
586 0.01937483382661833
588 0.02728645149105865
656 0.0601516298504842
678 0.023281850664846726
689 0.09774847782932762
737 0.05811659685261994
743 0.03490632907704057
746 0.029777130586664584
763 0.04948642188132831
775 0.06264230894609013
786 0.03169528524531764
801 0.03908857470452052
818 0.016265459475770603
838 0.048659245043934006
851 0.04211388155494027
877 0.012478608813480242
956 0.1203032597009684
1013 0.06585335277781305
1081 0.021822222191528632
1096 0.014753147114269248
1100 0.03978641313752081
1156 0.07037906487128326
1168 0.15635429881808208
1183 0.037223953862665
1186 0.052414873925291074
1247 0.03843181002313495
1317 0.019667810735861505
1349 0.03401291003094207
1368 0.03380029828059966
1378 0.037513886511857705
1501 0.03260324732853001
1508 0.03467618114177788
1518 0.06270363755865478
1529 0.06264230894609013
1562 0.14599916076326172
1599 0.028527927494433915
1616 0.05387885043316953
1625 0.03359166081529331
1665 0.0601516298504842
1670 0.06585335277781305
1694 0.017129735478143764
1700 0.03467618114177788
1703 0.06585335277781305
1735 0.06461349078580904
1753 0.044133532950463815
1853 0.02879369670266326
1867 0.022958298172748703
1976 0.05490555302089701
1991 0.04948642188132831
2064 0.03603054938753231
2156 0.03587753087279759
2182 0.052414873925291074
2237 0.11358951551470076
2283 0.037513886511857705
2295 0.025349760798133187
2356 0.07502777302371541
2360 0.02311890208611765
2361 0.04788916183182088
2375 0.024961485844001683
2471 0.020791171569240794
2554 0.011494423673923808
2593 0.03135181877932739
2607 0.03943204117051076
2616 0.06585335277781305
2647 0.05811659685261994
2683 0.05811659685261994
2746 0.025349760798133187
2765 0.05135104272318383
2780 0.040152405906627754
2786 0.02189446697064146
2831 0.03359166081529331
2841 0.009680423233595664
2861 0.04238447345966176
2874 0.018432586079278515
2882 0.07028264517249551
2896 0.026383998223984673
2951 0.040152405906627754
2958 0.13947635532127828
3006 0.02015318196277132
3046 0.037223953862665
3055 0.01756372541361712
3078 0.06558810324550886
3271 0.04716879709570389
3278 0.04948642188132831
3320 0.03422965042176278
3445 0.07037906487128326
3477 0.044133532950463815
3494 0.04948642188132831
3532 0.10260038340799411
3645 0.06264230894609013
3687 0.05150406123791855
3798 0.03978641313752081
3805 0.028140774947604464
3806 0.05037984092742682
3916 0.0601516298504842
3966 0.02486649140333689
4015 0.03223115355932263
4044 0.07811582079647637
4074 0.020277895879282786
4103 0.029777130586664584
4143 0.03135181877932739
4148 0.058409212299423405
4241 0.010355585445775426
4267 0.06585335277781305
4304 0.043118126029974085
4323 0.03467618114177788
4334 0.038117372908763505
4338 0.03781155160292934
4380 0.06520649465706002
4383 0.029345007741898837
4404 0.012262468018663314
4474 0.0601516298504842
4476 0.03380029828059966
4508 0.04467811800009795
4553 0.03623629792981413
4623 0.03467618114177788
4683 0.028140774947604464
4712 0.029631222895834582
4732 0.05135104272318383
4856 0.012826947929570067
4879 0.06585335277781305
4960 0.026276154105748944
5006 0.18611976931332497
5058 0.04788916183182088
5156 0.04948642188132831
5229 0.05135104272318383
5230 0.028527927494433915
5302 0.07037906487128326
5336 0.053590884759149755
5337 0.10981110604179402
5374 0.05050283698638878
5409 0.013871495891512592
5414 0.043118126029974085
5458 0.0844223248428134
5474 0.015545094739653605
5479 0.04414496144252428
5486 0.05811659685261994
5507 0.029631222895834582
5524 0.024678894056241515
5601 0.04264308500223369
5731 0.21713024613027893
5794 0.02153783026193634
5819 0.024312901287134567
5823 0.04948642188132831
5848 0.05811659685261994
5874 0.018015274693766153
6003 0.05490555302089701
6014 0.04948642188132831
6083 0.06585335277781305
6298 0.020814520885460243
6336 0.040922489118740885
6519 0.01937483382661833
6576 0.03697172872751656
6590 0.016711990195785703
6666 0.02361506285413427
6680 0.0384808437887102
6698 0.021750442012278753
6727 0.04293570044903716
6733 0.018169943857876132
6793 0.035928381891984364
6832 0.03467618114177788
6836 0.04264308500223369
6908 0.014714987147508093
6932 0.13041298931412004
6946 0.024961485844001683
6986 0.018756138571376535
7002 0.012891467065318594
7138 0.037223953862665
7175 0.061711316022621546
7184 0.027644614179587843
7194 0.020725706399724198
7196 0.07037906487128326
7255 0.03943204117051076
7337 0.07059246782910474
7389 0.041451412799448396
7526 0.016005871510620922
7573 0.03562669381315757
7595 0.11343465480878802
7603 0.01837956089924225
7655 0.05639600096912713
7680 0.06264230894609013
7758 0.03996055455683104
7796 0.025153935083981907
7811 0.055297758237835545
7821 0.02879369670266326
7836 0.05490555302089701
7847 0.03223115355932263
7854 0.03363763673322021
7876 0.01717713164025557
7908 0.01920266929139164
7992 0.05811659685261994
8039 0.03490632907704057
8108 0.02651816831024496
8179 0.02070690137203412
8207 0.015710457459066005
8322 0.02046761907714277
8407 0.03943204117051076
8429 0.08030481181325551
8453 0.145977735131802
8458 0.05490555302089701
8537 0.052414873925291074
8617 0.0913583818396153
8624 0.05811659685261994
8668 0.06264230894609013
8706 0.03223115355932263
8717 0.07811582079647637
8733 0.08528617000446738
8751 0.05811659685261994
8778 0.04525064243705083
8948 0.04088082024300164
9010 0.023958529320124516
9022 0.007746953988402176
9052 0.024961485844001683
9061 0.036941362074904824
9127 0.06585335277781305
9168 0.026939425216584763
9229 0.03135181877932739
9245 0.2521318662402832
9360 0.024134309006607377
9368 0.06585335277781305
9507 0.02378547501014301
9517 0.029924970885828704
9547 0.0601516298504842
9581 0.03978641313752081
9634 0.013421502758898507
9649 0.029345007741898837
9685 0.011212545577740072
9693 0.03152223093533613
9706 0.07575425547958317
9714 0.08047832005757159
9925 0.03038061698357038
9973 0.03401291003094207
9978 0.05811659685261994
10022 0.09614897163698308
10043 0.037223953862665
10048 0.018118148964907065
10109 0.03338685177719165
10116 0.07719721563644032
10150 0.04948642188132831
10210 0.06585335277781305
10212 0.019549695565865523
10295 0.04716879709570389
10329 0.04544328761607153
10348 0.02132919279663
10374 0.019549695565865523
10387 0.0601516298504842
10388 0.1317067055556261
10433 0.030695054097941828
10444 0.022878854567584435
10480 0.018810987720598304
10507 0.033152290723882885
10526 0.06585335277781305
10527 0.12528461789218026
10624 0.03538137010478097
10693 0.05135104272318383
10697 0.02353082260970158
10731 0.013021635064228265
10817 0.038117372908763505
10822 0.10981110604179402
10857 0.04218743890449202
10996 0.03318573319354776
11141 0.05490555302089701
11152 0.06585335277781305
11153 0.06264230894609013
11176 0.03943204117051076
11190 0.036436137736011044
11204 0.024586264649891287
11276 0.07811582079647637
11299 0.09170825766791324
11345 0.04080803804482268
11361 0.028527927494433915
11384 0.07125338762631514
11457 0.02728645149105865
11467 0.0601516298504842
11483 0.01892150129078894
11506 0.03338685177719165
11519 0.040922489118740885
11521 0.053590884759149755
11534 0.04174966595613518
11536 0.11057845671835137
11642 0.013054415644047669
11653 0.021750442012278753
11712 0.024772298613076848
11741 0.062373514707722386
11748 0.09897284376265662
11751 0.052414873925291074
11772 0.111671861587995
11897 0.021750442012278753
11969 0.00925198678047652
12018 0.029487197937471874
12030 0.035141322586247754
12043 0.02098990286180386
12085 0.044133532950463815
12086 0.02525141849319439
12155 0.043118126029974085
12250 0.02021536473867336
12269 0.044133532950463815
12270 0.0073068268137057215
12475 0.03588233981950956
12608 0.013281076380341688
12614 0.01415771104544834
12654 0.09897284376265662
12665 0.05490555302089701
12902 0.0536522133717144
12928 0.019491103413441617
12964 0.01837956089924225
12968 0.0268261066858572
12973 0.025349760798133187
13012 0.052414873925291074
13061 0.025057295697561304
13131 0.041328416740486436
13217 0.06863656370275331
13224 0.016757641708936382
13235 0.03241564998143464
13236 0.04174966595613518
13239 0.008907105191897267
13245 0.0464921184404261
13370 0.008727434843140543
13372 0.019549695565865523
