239
t_index tf-idf
26 0.095831198869925
86 0.028798839115779004
92 0.04056982516407886
110 0.06808365959899051
342 0.03482604628278497
361 0.1380275928876892
405 0.022541797415002496
472 0.04558476573855569
589 0.07000201226228778
695 0.03129241974665343
738 0.05362858791306013
748 0.030331794183080053
819 0.05021996840729856
821 0.10043993681459712
877 0.015163303842852197
897 0.04523245588419734
935 0.036916817663003094
1066 0.07062002099439554
1092 0.03246126221375011
1273 0.06997696271875456
1419 0.08552068269551283
1562 0.025344281659978832
1724 0.03894494151021041
1867 0.027897633150589685
1900 0.03482604628278497
1917 0.04631808847814068
1990 0.06671814106523766
2151 0.0479155994349625
2159 0.07611941188037524
2178 0.09418667515621333
2237 0.0345068982219223
2344 0.04213654571770442
2345 0.06512063010841584
2386 0.04925075856066454
2427 0.060133117585314616
2467 0.042701759449284865
2471 0.10105705097917644
2482 0.05021996840729856
2535 0.03583118506905975
2554 0.027934754790597576
2556 0.04390816903705989
2571 0.026581539886172217
2630 0.04213654571770442
2657 0.03583118506905975
2659 0.06359902615949514
2672 0.05571935929327826
2927 0.0828301922161669
2982 0.0477984356380194
2988 0.03419508755197868
3008 0.09418667515621333
3016 0.06852924961417742
3034 0.04834621232534799
3049 0.030448216930389377
3123 0.023613666918707636
3165 0.036363142142908
3221 0.061218750179257965
3301 0.05649460839324425
3338 0.04558476573855569
3446 0.052997629182253835
3549 0.07309287867733785
3591 0.02411739678823015
3631 0.0353026487490639
3634 0.03548779541678752
3721 0.01909046461210303
3757 0.028290795947831508
3834 0.03654520080640514
3865 0.0418625330288877
3876 0.05121655482773166
3992 0.05021996840729856
4001 0.1424947148888224
4027 0.024564574657989776
4068 0.022205853694457347
4102 0.0479155994349625
4131 0.1404639499822504
4198 0.033445550624230706
4404 0.029801323402234566
4436 0.033156961720380705
4553 0.022016155961885813
4619 0.03419508755197868
4637 0.036729736534429853
4856 0.031173171903971203
4893 0.060133117585314616
4970 0.08552068269551283
5051 0.09499647659254828
5207 0.02279140506185181
5270 0.016985241268042277
5315 0.041072222109735816
5409 0.0168558619075117
5488 0.02954367069507283
5702 0.01788082505802188
5736 0.08540351889856973
5747 0.06512063010841584
5792 0.06689110124846141
5854 0.04213654571770442
5874 0.02189114893151585
5935 0.05912797879903983
6196 0.03232630421684204
6363 0.07611941188037524
6381 0.1923621074942446
6509 0.010551051544566797
6515 0.026171560408618528
6566 0.052681801537898504
6578 0.02340338105088477
6585 0.0302163622796754
6591 0.05429033704706268
6595 0.061218750179257965
6601 0.05498603655369327
6640 0.03330048863414728
6680 0.015586585951985601
6727 0.026086524601649935
6749 0.03246126221375011
6817 0.026961871327770413
6847 0.057316870250100085
6957 0.023196305780019272
6987 0.03419508755197868
7064 0.06239889999739142
7106 0.07660808550400411
7137 0.01909046461210303
7182 0.037692066762969094
7213 0.022925033401704455
7331 0.06369160786220027
7363 0.4273760314086092
7369 0.1302412602168317
7522 0.05239472251270494
7526 0.01944943515842997
7602 0.08002129180953312
7622 0.019979313745294897
7835 0.06852924961417742
7846 0.05819221697622056
7854 0.02724970996180842
7861 0.047093337578106666
8089 0.057316870250100085
8139 0.03583118506905975
8179 0.016774574892725675
8218 0.07213283942727938
8237 0.07611941188037524
8343 0.060133117585314616
8494 0.07969897549105391
8503 0.16579145111099028
8773 0.020197200628357486
8787 0.028798839115779004
8798 0.037692066762969094
8842 0.06680904143838196
8848 0.08489390289479454
8853 0.04422731709792255
8903 0.03104580992042543
8905 0.02081509146453782
8906 0.07498812162317531
8948 0.08279345718143559
8993 0.05649460839324425
9010 0.02911305780468734
9019 0.039165485666773685
9022 0.037654651712726
9025 0.04353456706760739
9026 0.029988404530807818
9091 0.12243750035851593
9133 0.05498603655369327
9150 0.04749823829627414
9153 0.048790946161082975
9160 0.028902771936864476
9178 0.07611941188037524
9282 0.03618349492341811
9326 0.05181747936412038
9360 0.029326655396805266
9410 0.03872792621194284
9560 0.08598690339513472
9579 0.07702865723964984
9605 0.07309287867733785
9634 0.04892716665843562
9685 0.01362485498090421
9693 0.07660808550400411
9716 0.06671814106523766
9734 0.033740413688841626
9754 0.1129892167864885
9872 0.04008537485257599
9953 0.03961763309481298
10042 0.04666800817485852
10048 0.022016155961885813
10092 0.07062002099439554
10116 0.01655394991184012
10334 0.036363142142908
10436 0.029326655396805266
10457 0.10352069466576691
10458 0.036916817663003094
10533 0.12479779999478284
10682 0.06239889999739142
10702 0.04455415620905257
10731 0.015823158812089004
10837 0.029326655396805266
10857 0.05126380384402528
10921 0.09263617695628136
11031 0.08002129180953312
11046 0.04359635836711626
11053 0.06512063010841584
11056 0.04008537485257599
11135 0.06512063010841584
11190 0.02656508761237752
11208 0.07611941188037524
11213 0.08143178997380265
11275 0.02943225194618514
11313 0.04299345169756736
11375 0.06602987546769044
11400 0.044889066231925095
11433 0.05649460839324425
11535 0.03246126221375011
11543 0.05126380384402528
11570 0.05362858791306013
11741 0.02526426274479411
11776 0.06512063010841584
11866 0.021342451633823145
11895 0.02839089357398599
11943 0.021829074833312565
11969 0.011242494159354193
12005 0.03232630421684204
12014 0.01864246608342099
12169 0.048790946161082975
12196 0.03851432861982492
12198 0.08552068269551283
12260 0.03961763309481298
12313 0.04834621232534799
12318 0.08002129180953312
12412 0.08002129180953312
12489 0.08552068269551283
12551 0.08552068269551283
12614 0.017203654470643266
12722 0.06852924961417742
12757 0.08369289945176905
12802 0.0479155994349625
12815 0.04594647162154271
12851 0.03273527490256684
12865 0.024339142873704044
12880 0.04670017478086485
12928 0.04736898603171151
13174 0.02780109774816758
13224 0.02036294403649852
13370 0.010605088137090731
13418 0.14503753667971303
13430 0.07062002099439554
13453 0.05429033704706268
