305
t_index tf-idf
88 0.03586038664681473
160 0.019147183469808173
208 0.06098377410082491
216 0.01850055768643858
219 0.008066592368161651
229 0.029328289363975874
408 0.024984095162230154
414 0.011941170166349827
491 0.030287984777732212
525 0.0069071271975753926
589 0.00833101289318971
648 0.037843820578029846
683 0.04034089555794489
689 0.008481569064472292
813 0.02636105511712852
877 0.005413802078067272
892 0.028570253579156005
928 0.01758415328251852
977 0.028570253579156005
1003 0.02046402251674043
1049 0.012731232004193611
1081 0.01893499405493332
1109 0.03452240058844829
1140 0.023778756455267506
1150 0.06448426601774769
1180 0.012918707033657308
1183 0.016149486035484745
1250 0.011172431074910102
1381 0.03389028370703032
1411 0.020170447778972447
1447 0.05699910135320821
1530 0.02609658044027284
1680 0.005346637338270151
1694 0.014863355188782996
1731 0.019631837628802256
1744 0.02521368828158353
1757 0.015143992388866106
1853 0.024984095162230154
1905 0.01448477231982991
1907 0.04655366132335502
1941 0.018921910289014923
2109 0.6290189613389117
2146 0.014228045493577804
2257 0.021469516163359067
2266 0.01938344984512789
2269 0.020170447778972447
2288 0.012154061596318579
2348 0.011353480203050685
2371 0.014063419717253568
2478 0.05219316088054568
2515 0.03362776496279994
2554 0.004986816695852415
2566 0.03053371840945785
2581 0.013904634996651675
2582 0.008481569064472292
2593 0.013601880161140603
2607 0.03421491443833591
2650 0.03389028370703032
2710 0.03389028370703032
2815 0.020776550312398515
2841 0.004199818762007855
2875 0.03389028370703032
2930 0.010666667466144471
2938 0.0222784755865874
2941 0.03389028370703032
3008 0.01681388248139997
3046 0.016149486035484745
3128 0.011262109565745746
3129 0.012434052874663221
3132 0.015044143488334659
3153 0.023820587814312903
3158 0.022740015142700364
3277 0.023820587814312903
3358 0.023250223451281686
3372 0.016673510330925005
3414 0.023820587814312903
3443 0.04455125295329438
3520 0.024467213597682492
3522 0.008743389589379246
3527 0.018921910289014923
3651 0.017107457219167954
3721 0.04089557185929187
3729 0.019893658153709207
3731 0.028570253579156005
3809 0.0222784755865874
3823 0.030491887050412454
3872 0.028570253579156005
3876 0.006095335902857451
3884 0.03598056608629604
3892 0.012855405477239564
3948 0.01830287717351535
4027 0.017540734751279492
4045 0.010912949357152804
4052 0.02046402251674043
4068 0.007928225808980303
4071 0.022740015142700364
4074 0.008797496298746103
4108 0.01938344984512789
4111 0.021110648300110016
4136 0.010788242891963973
4144 0.01627527233122978
4191 0.05044164744419991
4192 0.03053371840945785
4196 0.025837414067314615
4207 0.024845550099798844
4219 0.028623615001855868
4241 0.017970942384339845
4257 0.024467213597682492
4258 0.03586038664681473
4279 0.03389028370703032
4287 0.03053371840945785
4327 0.03389028370703032
4331 0.027177153111885375
4392 0.03389028370703032
4398 0.03389028370703032
4404 0.005320030127874321
4414 0.1246593018743911
4461 0.00747289061003795
4465 0.007350289122108618
4468 0.028570253579156005
4476 0.029328289363975874
4536 0.013750891921595478
4539 0.047641175628625805
4553 0.02358149229206982
4554 0.038010957749948816
4556 0.05042737656316706
4650 0.0429354225027838
4785 0.02609658044027284
4799 0.03053371840945785
4807 0.02117427325118562
4810 0.03389028370703032
4830 0.008184996802554606
4957 0.584942985590201
4963 0.021857122984011056
4975 0.02609658044027284
5058 0.020776550312398515
5083 0.027177153111885375
5103 0.009562141736084832
5207 0.024411861167859532
5270 0.006064294129194519
5371 0.011838134362044768
5374 0.02191048440671092
5658 0.010065275536308954
5833 0.01318052755856426
6046 0.014946311875942874
6151 0.03389028370703032
6201 0.03516830656503704
6249 0.020564280273843372
6266 0.013904634996651675
6339 0.014422140170261994
6509 0.007534150257721958
6537 0.0445569511731748
6590 0.007250440221577171
6626 0.011941170166349827
6634 0.03389028370703032
6666 0.010245314863568127
6680 0.016694783463686406
6698 0.02830906632101939
6758 0.03053371840945785
6771 0.007905544268173272
6793 0.007793703266757489
6814 0.025462464008387222
6908 0.02553618890972975
6957 0.01656370006653256
6960 0.013814254395150785
6987 0.012208779693869975
7002 0.011185838458556968
7112 0.19975417550028796
7170 0.011638415330838755
7264 0.020776550312398515
7402 0.022740015142700364
7449 0.017107457219167954
7622 0.01426655449150322
7767 0.015143992388866106
7839 0.02609658044027284
7845 0.050440652782132174
7876 0.007452240258448739
7908 0.05831709025232797
7933 0.01938344984512789
8047 0.009790450015761032
8207 0.027263714572861246
8216 0.017419985014826042
8391 0.03053371840945785
8459 0.03389028370703032
8466 0.01850055768643858
8512 0.01590731056838942
8522 0.012550745270816946
8542 0.02609658044027284
8787 0.061692840821530114
8788 0.029147256051669776
8808 0.028570253579156005
8831 0.1122804375055073
8835 0.02521368828158353
8903 0.01108438319276374
9037 0.019147183469808173
9048 0.021469516163359067
9052 0.010829455907610424
9090 0.03053371840945785
9119 0.023820587814312903
9198 0.02094117608872275
9206 0.021857122984011056
9229 0.013601880161140603
9261 0.01811295086578659
9282 0.012918707033657308
9346 0.01811295086578659
9360 0.03141176413308412
9437 0.009106398111375001
9452 0.011353480203050685
9456 0.011589746578370398
9751 0.03053371840945785
9766 0.021110648300110016
9782 0.01681388248139997
9802 0.01627527233122978
9850 0.008233181280797924
9867 0.015245943525206227
9904 0.01398337657074937
9935 0.0366057543470307
9970 0.01830287717351535
10001 0.011687578190762186
10048 0.015720994861379876
10116 0.013790720578490793
10182 0.03389028370703032
10217 0.027058118476720523
10233 0.03389028370703032
10295 0.04092804503348086
10334 0.012982847045641028
10341 0.04092804503348086
10348 0.018507195795921135
10422 0.017419985014826042
10477 0.06846911726823617
10486 0.03757228694900548
10532 0.017754083002537543
10612 0.021857122984011056
10620 0.020776550312398515
10624 0.01535008732633782
10633 0.023987044057530688
10647 0.025837414067314615
10697 0.010208767519454423
10731 0.005649392173781221
10758 0.012550745270816946
10815 0.021857122984011056
10849 0.03622590173157318
10855 0.027177153111885375
10856 0.008043254973069168
10868 0.016537092856136734
10887 0.04650044690256337
10923 0.028570253579156005
10976 0.011889378227633753
11049 0.017261200294224146
11063 0.027177153111885375
11183 0.04656876976205233
11275 0.010508289512616197
11368 0.01850055768643858
11454 0.04034089555794489
11483 0.008209029110485941
11628 0.020776550312398515
11642 0.01699084175121003
11656 0.023820587814312903
11815 0.022524219131491493
11866 0.03047985061928518
11869 0.0316442090972376
11908 0.03389028370703032
11934 0.05435430622377075
11954 0.02046402251674043
11957 0.018921910289014923
11969 0.004013943061047462
11972 0.03053371840945785
11985 0.01758415328251852
11989 0.014946311875942874
12005 0.01154156210012708
12065 0.012982847045641028
12072 0.017107457219167954
12172 0.021469516163359067
12182 0.012492047581115077
12270 0.022190294082918394
12283 0.03389028370703032
12290 0.03053371840945785
12442 0.03053371840945785
12449 0.04371424596802211
12589 0.032053769095110825
12608 0.0028809749540826828
12614 0.006142274882094617
12628 0.016149486035484745
12757 0.01992075947156011
12815 0.03280882664127612
12858 0.04155310062479703
12911 0.013529059238360262
12968 0.02327683066167751
12986 0.012507203253217629
13003 0.021110648300110016
13031 0.007860497430689938
13055 0.009344114554113615
13088 0.02609658044027284
13115 0.027058118476720523
13122 0.024467213597682492
13125 0.01938344984512789
13141 0.01850055768643858
13148 0.04950697804885984
13173 0.011493852353525652
13266 0.03389028370703032
13368 0.01830287717351535
13370 0.007572735967001359
13372 0.016963138128944583
13387 0.009164742191955589
13389 0.017930193323407364
