338
t_index tf-idf
17 0.04161154995933468
30 0.06200713525770965
78 0.025419525469617826
86 0.02669612966430572
107 0.026317969730986927
110 0.031556310262507235
124 0.16445661531924044
184 0.05394338860691866
186 0.07417864218290926
187 0.07970868246598603
193 0.16722773071400707
245 0.07025887724813604
329 0.04041322746313045
367 0.026505627990176427
405 0.010447968826766026
458 0.02256205229183905
519 0.023871394228651407
525 0.03586676719415534
586 0.02182423225476624
616 0.03630586911931554
619 0.03439723186092118
647 0.06727392752787933
695 0.029007644777210097
782 0.06411784179775017
786 0.03570225544977543
818 0.018321765673262762
877 0.014056175108331192
990 0.04329042279390451
999 0.023718993938983166
1072 0.04900033748600652
1074 0.04981948939511263
1081 0.024581023490830096
1121 0.05574257690466902
1199 0.12736827843057022
1250 0.1450382238860505
1311 0.08435147408621187
1317 0.02215424778779353
1338 0.036643531346525524
1477 0.04803409409735941
1518 0.035315367387014525
1545 0.05574257690466902
1570 0.14112330579435045
1589 0.0635256763698951
1622 0.03141582980710284
1640 0.05394338860691866
1724 0.03610142770497075
1732 0.04752084446889393
1756 0.03228326820822933
1786 0.0451241045836781
1867 0.025860724070204604
1873 0.03228326820822933
2075 0.02688956224816481
2146 0.01847055877026347
2226 0.05165108338309344
2229 0.10022805664660725
2237 0.03198742232428073
2241 0.044417104811625384
2264 0.059041248683034585
2275 0.054172034676376414
2308 0.0422564538793065
2360 0.07812489538508142
2368 0.06546379282105931
2440 0.04522853924506871
2459 0.07056165289717523
2554 0.05179027064474823
2636 0.04099811757007928
2652 0.15903376794105856
2661 0.04192986746670316
2667 0.027694500752785553
2749 0.0635256763698951
2786 0.024662401574000365
2840 0.04971296693192923
2841 0.010904238295152465
2863 0.05313195417347533
2900 0.0808264549262609
2916 0.04099811757007928
2931 0.02474430981128749
2993 0.030736049665165858
3023 0.039854341232993015
3031 0.03289670059748473
3055 0.019784160530920213
3060 0.04481627706682069
3078 0.03693992968375848
3153 0.061846803535325276
3162 0.03475648115687709
3167 0.029966041529353647
3240 0.044417104811625384
3287 0.03512629811048933
3318 0.08199623514015857
3320 0.03855701924925336
3399 0.028666278922495306
3414 0.061846803535325276
3430 0.05313195417347533
3471 0.05674894345920936
3515 0.05165108338309344
3635 0.08199623514015857
3680 0.028010154234303097
3753 0.05674894345920936
3805 0.03169837810128049
3938 0.04702772754281907
3966 0.028010154234303097
3976 0.10032095741010393
4031 0.04013067916895279
4202 0.07302737976643753
4219 0.03715859380319059
4231 0.06546379282105931
4252 0.059041248683034585
4281 0.07927650225902518
4311 0.03422138465939355
4314 0.03422138465939355
4332 0.05394338860691866
4334 0.0429362340212435
4338 0.0425917502818366
4350 0.04041322746313045
4383 0.033054851990381905
4391 0.06546379282105931
4404 0.027625418875931736
4461 0.01940230866688734
4465 0.019083991159518865
4505 0.0921919552923904
4587 0.03337725093585031
4712 0.03337725093585031
4715 0.020064191482020786
4746 0.1077007724818901
4807 0.013744005059590761
4856 0.01444855182964892
4965 0.04377909202361913
5103 0.04965351031121321
5135 0.060435014621797206
5187 0.04803409409735941
5244 0.037381128284345255
5270 0.01574508616296035
5399 0.026225180601669378
5409 0.046875459800046024
5458 0.06339675620256098
5488 0.027386578343120797
5512 0.03337725093585031
5623 0.027386578343120797
5632 0.044030216748864474
5674 0.03672500359615305
5735 0.033054851990381905
5792 0.031003567628854825
5794 0.07278203479419568
5822 0.031276901653689
5911 0.01719085819088896
5919 0.026133071252296115
5950 0.03512629811048933
5964 0.024103515343862934
6017 0.037381128284345255
6026 0.07927650225902518
6182 0.0413010929523513
6195 0.07927650225902518
6249 0.08008838899291716
6263 0.04192986746670316
6266 0.03610142770497075
6274 0.03457557343205456
6298 0.04689185384928314
6342 0.025682382499071236
6439 0.12736827843057022
6477 0.04971296693192923
6519 0.02182423225476624
6576 0.020822877807111666
6671 0.03274051386901166
6680 0.02889710365929784
6704 0.06486768660166624
6733 0.02046701811014008
6793 0.0202352535759906
6817 0.024993285669078113
6851 0.03807338770269776
6908 0.0165752800775979
6957 0.021502657949048654
7110 0.044030216748864474
7137 0.017696599386789434
7174 0.03387690091998666
7184 0.031139491871143062
7194 0.02334588436522472
7234 0.06546379282105931
7251 0.05236972868721922
7255 0.044417104811625384
7341 0.0422564538793065
7344 0.03420210319016472
7400 0.02971950676854311
7438 0.04981948939511263
7478 0.04803409409735941
7505 0.10471885859455612
7573 0.04013067916895279
7603 0.020703135283390156
7770 0.058247049166555244
7775 0.03923817531400483
7870 0.03693992968375848
7985 0.03512629811048933
8066 0.0429362340212435
8090 0.03512629811048933
8107 0.0138472029299891
8108 0.08961191657478806
8128 0.07056165289717523
8179 0.007774900658312499
8207 0.03539319877357887
8264 0.06456653641645867
8275 0.04326060479043036
8370 0.059041248683034585
8429 0.04522853924506871
8501 0.019083991159518865
8617 0.030872417717691204
8634 0.037381128284345255
8724 0.039583946511493426
8795 0.061846803535325276
8831 0.022424642509293113
8848 0.01967387149076677
8888 0.04669176873044944
8890 0.07417864218290926
8948 0.046049040922501665
9022 0.008726336681019489
9028 0.03387690091998666
9191 0.043654879325369274
9204 0.11808249736606917
9206 0.05674894345920936
9276 0.041169044845910635
9389 0.044417104811625384
9437 0.04728696195903781
9482 0.05358494793365696
9565 0.08277305927239677
9571 0.02855451934256868
9576 0.044417104811625384
9580 0.024662401574000365
9587 0.05481082700804515
9612 0.030091145745194028
9617 0.02474430981128749
9621 0.059041248683034585
9634 0.030236542521026807
9670 0.04013067916895279
9686 0.0460959776461952
9716 0.061846803535325276
9732 0.023055169217913906
9734 0.031276901653689
9742 0.03715859380319059
9775 0.01934869293550283
9872 0.03715859380319059
10043 0.04192986746670316
10050 0.07056165289717523
10116 0.05115094993079921
10119 0.11264120491521294
10136 0.0422564538793065
10213 0.031556310262507235
10225 0.007711132795717871
10251 0.031276901653689
10254 0.03289670059748473
10329 0.02559415147062424
10371 0.0785249064030479
10433 0.03457557343205456
10436 0.027185408132113415
10604 0.19641809029289617
10633 0.031139491871143062
10642 0.039583946511493426
10731 0.04400355489832772
10759 0.025077385447238216
10780 0.05097130324115645
10823 0.059041248683034585
10828 0.046553223306977524
10856 0.020883179457269228
10976 0.06173819429928695
11056 0.03715859380319059
11084 0.022424642509293113
11137 0.04070227168613068
11183 0.024181851235634783
11190 0.024625472596050114
11195 0.029598028819119177
11204 0.027694500752785553
11213 0.025162051558136705
11302 0.035315367387014525
11304 0.023055169217913906
11347 0.046553223306977524
11451 0.05784292618683034
11462 0.06173819429928695
11464 0.02688956224816481
11483 0.04262717734504693
11506 0.03760767261083974
11542 0.05136476499814247
11543 0.04752084446889393
11616 0.03258624359050136
11652 0.21577355442767465
11664 0.07056165289717523
11682 0.0425917502818366
11695 0.04070227168613068
11751 0.059041248683034585
11788 0.05674894345920936
11796 0.04912807682498039
11797 0.05968433977480681
11798 0.0635673113838852
11815 0.02924048235650459
11943 0.0202352535759906
11969 0.010421638199432705
11994 0.0635256763698951
12028 0.060365932744943396
12030 0.07916789302298685
12131 0.03475648115687709
12161 0.030621630290623515
12182 0.03243384330083312
12226 0.023871394228651407
12250 0.022771024470181138
12270 0.04115283951715324
12295 0.04856919059484296
12475 0.04041864436481239
12490 0.05784292618683034
12601 0.07927650225902518
12608 0.08228050571242058
12614 0.06379020884860166
12621 0.019242142552416037
12637 0.07417864218290926
12678 0.07927650225902518
12736 0.11214338485303578
12755 0.059196057638238354
12807 0.07261173823863108
12815 0.0425917502818366
12817 0.024581023490830096
12916 0.03422138465939355
12958 0.06675450187170062
12964 0.020703135283390156
12973 0.08566355802770605
12974 0.07417864218290926
12977 0.05784292618683034
13014 0.02291229415818718
13016 0.013439398425943579
13045 0.05784292618683034
13061 0.028225080321908524
13110 0.02688956224816481
13128 0.06546379282105931
13174 0.025771237073527558
13199 0.059041248683034585
13214 0.03117085705206337
13224 0.018876170395615642
13239 0.030099468335857568
13241 0.030091145745194028
13252 0.04803409409735941
13253 0.060365932744943396
13372 0.022021200303315905
13377 0.03816798231903773
13379 0.10794962435170193
