245
t_index tf-idf
81 0.05969144608385174
86 0.029200954283142885
107 0.02878731264057463
124 0.025698161204235733
139 0.06198486521851219
179 0.07160608093407703
187 0.08718752950061172
195 0.050421036787331196
202 0.05995357655994529
213 0.03547702185161974
245 0.025617024993338417
274 0.03687087687936341
342 0.03531231871110488
408 0.03547702185161974
437 0.029519560374618777
438 0.04813228775255326
525 0.019616023788665865
526 0.04300846161623474
586 0.023871940103295686
616 0.0397123492316718
619 0.07524925954944019
673 0.029096371666164137
688 0.0741134668692536
782 0.15780114679094673
801 0.048161451211392335
803 0.09716927983969394
847 0.05144021022096249
969 0.08671479901030336
1096 0.03635502088932398
1199 0.20897834193620485
1311 0.030755313841123955
1338 0.14028592682808336
1346 0.05900474879302727
1680 0.015184281716093536
1700 0.04272489388220133
1722 0.15436451847537852
1797 0.05155955787698156
1832 0.056497362857850716
1930 0.023871940103295686
1965 0.0694861163325594
2046 0.051979594955589736
2075 0.029412536115759308
2131 0.09601965799008388
2215 0.16355398805886842
2229 0.05481609013794751
2322 0.032375130675734304
2323 0.045176261215047184
2354 0.04329799963378151
2370 0.09624733878291745
2460 0.042919785673284
2480 0.030067543138820867
2568 0.1265403385752373
2630 0.04272489388220133
2636 0.044844858483718976
2657 0.036331492144736174
2694 0.058117179692461066
2841 0.011927353064027903
2863 0.058117179692461066
2882 0.04329799963378151
2898 0.025376449508370924
2931 0.027066000527163733
2940 0.04658801738148112
3055 0.021640454045524112
3071 0.049472209020413174
3129 0.03531231871110488
3182 0.05254100138884884
3208 0.04658801738148112
3425 0.0550483873240254
3526 0.06764971946507516
3559 0.03547702185161974
3680 0.030638270174169733
3730 0.04359376475030586
3757 0.028685817361774082
3805 0.03467254996977637
3834 0.03705547760886703
3892 0.036508946837260595
3896 0.05861267661459728
3912 0.045515847551411304
3919 0.0509211845542385
3944 0.045176261215047184
3957 0.024306267184317575
3966 0.030638270174169733
3972 0.07160608093407703
4039 0.1100967746480508
4045 0.030992432609256094
4063 0.049472209020413174
4074 0.024984612522769425
4212 0.11225748418334763
4263 0.049357975541208875
4325 0.04272489388220133
4404 0.01510871807622632
4461 0.04244554813701971
4794 0.05575380080983477
4830 0.023245133236495994
4856 0.03160843963080677
4960 0.032375130675734304
5135 0.03305273313516601
5139 0.03615629808308017
5152 0.05900474879302727
5208 0.08671479901030336
5374 0.031112542960994354
5479 0.05439147942370616
5488 0.05991237173517672
5661 0.04902126541281655
5702 0.018130493141235385
5726 0.03347592184362065
5736 0.04329799963378151
5851 0.032642178830775956
5874 0.02219681274598402
5911 0.056411487781091736
5950 0.038422102310654294
6196 0.06555534601822019
6263 0.04586403191735027
6298 0.05129158787146404
6339 0.020479212020493912
6342 0.028092090002105996
6439 0.20897834193620485
6529 0.04217471860339005
6585 0.030638270174169733
6596 0.03862891143877824
6657 0.08113862070669113
6704 0.07095404370323947
6754 0.08671479901030336
6771 0.0673544905100086
6818 0.029096371666164137
6960 0.019616023788665865
7002 0.03176742906605955
7110 0.048161451211392335
7137 0.019357022765426092
7220 0.08081180391929274
7222 0.044520085924916984
7344 0.11223357814807526
7345 0.06764971946507516
7359 0.024015197105514054
7439 0.0419076704483484
7440 0.04113629737395479
7684 0.030067543138820867
7758 0.016411942306391546
7770 0.031856105009010295
7793 0.024907567235229047
7806 0.06764971946507516
7846 0.05900474879302727
7847 0.0397123492316718
7850 0.027995580498277797
7870 0.04040590195964637
7982 0.06602990263046482
7985 0.038422102310654294
8006 0.0645809270966395
8011 0.05575380080983477
8107 0.01514644799799034
8108 0.010891106322360162
8179 0.008504398260505872
8212 0.026365082072561895
8237 0.07718225923768926
8248 0.09297729782776828
8264 0.03531231871110488
8275 0.02365981433697314
8396 0.0550483873240254
8430 0.06764971946507516
8447 0.07718225923768926
8568 0.04359376475030586
8617 0.03376909198900673
8646 0.1352994389301503
8688 0.07718225923768926
8714 0.049472209020413174
8724 0.04329799963378151
8778 0.05575380080983477
8831 0.024528685205077665
8888 0.05107272931476426
8905 0.021105730401555632
8948 0.01678989870653369
9022 0.009545104915431563
9037 0.05437739825633307
9150 0.048161451211392335
9191 0.04775089690700227
9210 0.04300846161623474
9227 0.04696482308523662
9242 0.09624733878291745
9276 0.06754773509548133
9300 0.043896030716800954
9437 0.02586188394568712
9503 0.03547702185161974
9619 0.07718225923768926
9732 0.07565511751569502
9734 0.06842305508643708
9756 0.39950753385808374
9763 0.03376545986116741
9867 0.04329799963378151
10109 0.04113629737395479
10116 0.06714036390671434
10167 0.0419076704483484
10213 0.1380686091815341
10225 0.016869294468558862
10251 0.03421152754321854
10287 0.0741134668692536
10329 0.05599116099655559
10362 0.02671107636797199
10371 0.017178536595357893
10378 0.028685817361774082
10445 0.03361992889617091
10480 0.046354438563804806
10490 0.048161451211392335
10507 0.02042364609497426
10604 0.023871940103295686
10654 0.024306267184317575
10661 0.0741134668692536
10731 0.01604409591751775
10993 0.04244705518297563
11057 0.03705547760886703
11190 0.044893355236652464
11195 0.032375130675734304
11204 0.030292999792319857
11408 0.07718225923768926
11451 0.1265403385752373
11542 0.028092090002105996
11682 0.04658801738148112
11688 0.07684420462130859
11797 0.032642178830775956
11798 0.13906331569141442
11901 0.032375130675734304
11904 0.017266412599507983
12040 0.05437739825633307
12105 0.04244705518297563
12163 0.03564372144243309
12190 0.038422102310654294
12204 0.03905210014723287
12226 0.052222363339637985
12270 0.018005639026673646
12475 0.07368502482849776
12608 0.05727314718856199
12621 0.0420951600137077
12643 0.048161451211392335
12790 0.07718225923768926
12964 0.022645653678267777
13000 0.03687087687936341
13014 0.02506209187055751
13040 0.09624733878291745
13084 0.02331338423442797
13096 0.02586188394568712
13110 0.058825072231518616
13133 0.027995580498277797
13214 0.03409553306750304
13239 0.010974539628959381
13370 0.010753165869460799
13377 0.020874589702570886
