269
t_index tf-idf
81 0.026250240305480396
114 0.03397532727160284
121 0.032591443353564696
124 0.24862563948603053
167 0.03120314249447327
177 0.04392241039399791
211 0.08115076098500268
223 0.03211075256685281
297 0.038081935342519545
388 0.026947310121667976
405 0.030154563280296257
407 0.09683353247330699
531 0.04478676322603252
571 0.0296977705695249
586 0.020996112688885637
616 0.03492824445774517
641 0.06111519727841548
647 0.021573740401808074
689 0.021185606793199686
732 0.020809541489617698
782 0.061684893014263956
999 0.022818977721478624
1059 0.02725880698221082
1072 0.023570510880742083
1075 0.043115725337178286
1096 0.06395073983062288
1129 0.18287067217624636
1140 0.0296977705695249
1293 0.04571766804406159
1311 0.1352512683083378
1338 0.017626547053043264
1630 0.06788419397523468
1643 0.042731699656250746
1680 0.026710094666069613
1708 0.047826610513351665
1756 0.03105828096736237
1841 0.08465252352122397
2063 0.04065303453178088
2101 0.0213781168451256
2131 0.0168904542386124
2173 0.06111519727841548
2215 0.0719254059188631
2226 0.04969118521810169
2229 0.08035408941211036
2275 0.026058239560821664
2303 0.2258820883115037
2348 0.028359182774770474
2377 0.03834206994779737
2460 0.018874642209216176
2462 0.04524326241880054
2463 0.13576838795046936
2554 0.04982509102502524
2571 0.0237057324172334
2659 0.028359182774770474
2804 0.02859180134660431
2868 0.029193706262612345
2886 0.0314981764609687
2898 0.022319375434760532
2900 0.03887974926367201
2930 0.026643634098098626
2931 0.07141616407968192
3006 0.043679185413051706
3049 0.02715408084800862
3055 0.03806690279988991
3059 0.0607178148200235
3068 0.028828981356387933
3138 0.08465252352122397
3292 0.04524326241880054
3318 0.03944244574035702
3350 0.05581390185658943
3372 0.04164776953983429
3399 0.055157076372873794
3522 0.021839592706525853
3523 0.021313605796530254
3876 0.015225176937051233
3896 0.025775834680219357
3947 0.048416766236653495
3966 0.026947310121667976
3973 0.07831565143181643
3976 0.038605713177001746
3992 0.04478676322603252
4027 0.02190697891390345
4031 0.0772158445050303
4046 0.05111586442924539
4116 0.054100507323335115
4137 0.03492824445774517
4151 0.06297977198316551
4176 0.05807534999109634
4212 0.03949357744507692
4316 0.07626835874822933
4362 0.03887974926367201
4404 0.02657717353012764
4418 0.047826610513351665
4461 0.03733217777734582
4493 0.11615069998219268
4580 0.04003260146365885
4659 0.05111586442924539
4712 0.03211075256685281
4807 0.026444978742815612
4861 0.07626835874822933
4914 0.04392241039399791
5010 0.02982713857211447
5135 0.1453545263976683
5144 0.05680093100964814
5270 0.015147639537309824
5318 0.025141452973680516
5322 0.04130702044510705
5364 0.0556480788096613
5399 0.025230067237704334
5488 0.026347395791188995
5514 0.03512817947158967
5524 0.02674401469859503
5584 0.02944311289118693
5771 0.05680093100964814
5811 0.08702468848916864
5822 0.030090100948986703
5887 0.05348802939719006
5909 0.041998396783693624
5911 0.09923131084230391
5919 0.07542435892104155
6298 0.011278136111698584
6339 0.018012102975346746
6540 0.026947310121667976
6551 0.06111519727841548
6552 0.07626835874822933
6566 0.01566075173300848
6585 0.026947310121667976
6590 0.018110443297025793
6680 0.013900302144203094
6688 0.040975608126559336
6763 0.054595607210170864
6771 0.01974678872253846
6793 0.019467427738581195
6819 0.12595954396633102
6851 0.03662869462355972
6852 0.07626835874822933
6909 0.03944244574035702
6957 0.020686740506539014
6987 0.030495584490677363
7021 0.054595607210170864
7170 0.05814181055906732
7175 0.03343764795572819
7194 0.04492005154929578
7222 0.019578399094369793
7294 0.026250240305480396
7344 0.032904305837414445
7495 0.02779648629808546
7541 0.04164776953983429
7758 0.028869625896967958
7770 0.028018433680043225
7775 0.05662392662764853
7788 0.08465252352122397
7820 0.03453802374828784
7854 0.01215080720620492
8084 0.03834206994779737
8108 0.10536972869719673
8179 0.02243964714926035
8212 0.09275563391193407
8239 0.025683146158163417
8252 0.03834206994779737
8275 0.041619082979235396
8367 0.13037019156528556
8407 0.08546339931250149
8522 0.03134975996162355
8557 0.04571766804406159
8616 0.10500096122192158
8634 0.03596270295943155
8650 0.03397532727160284
8703 0.16930504704244795
8726 0.05950002920224004
8751 0.06297977198316551
8773 0.018012102975346746
8831 0.04314748080361615
8842 0.01986036507757043
8888 0.29198033507042254
8941 0.04571766804406159
9018 0.0826140408902141
9022 0.008395216206326243
9026 0.05348802939719006
9031 0.04164776953983429
9038 0.035538245621003266
9069 0.035538245621003266
9109 0.07418794958324891
9157 0.03063382362893409
9168 0.08758111878783705
9276 0.03960688718796741
9352 0.03063382362893409
9456 0.057898676996144594
9483 0.024622982480232522
9517 0.032429081278997775
9565 0.21235263747800417
9580 0.07117976338157447
9634 0.014544609099711054
9694 0.02674401469859503
9702 0.03211075256685281
9727 0.03596270295943155
9732 0.044360683602506196
9763 0.0296977705695249
9792 0.05111586442924539
9953 0.03533147489466262
10109 0.03618065107108011
10116 0.08365704982429807
10119 0.018061173196559727
10172 0.04621144243717622
10225 0.007418534189329646
10292 0.06788419397523468
10316 0.02944311289118693
10350 0.07626835874822933
10362 0.04698644241202195
10371 0.12087245146413063
10372 0.08465252352122397
10374 0.021185606793199686
10378 0.025230067237704334
10380 0.02549987306196703
10429 0.03533147489466262
10436 0.0261538589752932
10439 0.03662869462355972
10447 0.03596270295943155
10507 0.01796323101819435
10604 0.041992225377771274
10681 0.023805388026560636
10685 0.06111519727841548
10731 0.02822256125123122
10756 0.06329687338132839
10758 0.03134975996162355
10787 0.053627427191795196
10856 0.040181536199633223
10983 0.04726391403666665
11040 0.053627427191795196
11084 0.021573740401808074
11167 0.026347395791188995
11168 0.04969118521810169
11190 0.015794040056271736
11304 0.022180341801253098
11335 0.04969118521810169
11375 0.05888622578237386
11415 0.04033884042673137
11456 0.04969118521810169
11464 0.025869238950844396
11483 0.10252422727840246
11542 0.02470786558605288
11543 0.04571766804406159
11797 0.02870981001862981
11798 0.020385084151189416
11866 0.019033451399944955
11896 0.028244529850565074
11904 0.01518634610774744
12096 0.0329228556721124
12160 0.06111519727841548
12270 0.015836518707888547
12583 0.04351234424458432
12608 0.05756972757686291
12614 0.07671211510431757
12739 0.07626835874822933
12817 0.07094489279579129
12880 0.04164776953983429
12927 0.016409183804461082
12958 0.12844301026741123
12964 0.019917555694467657
12986 0.015620499473099719
13031 0.05890280672114575
13084 0.06151453636704148
13117 0.06111519727841548
13133 0.024622982480232522
13158 0.07136393675616015
13241 0.028949338498072297
13370 0.009457743332989852
13377 0.03671969985120076
13448 0.09938237043620338
