249
t_index tf-idf
24 0.04380063658317528
31 0.07567202439970552
42 0.039084202234173804
75 0.044916643633469665
81 0.027834910953437257
104 0.08976281461717082
105 0.028465824533038996
115 0.028465824533038996
131 0.08087251581763834
151 0.2692884438515125
198 0.04011082920157561
243 0.044161955969162656
287 0.04749044396477495
332 0.07567202439970552
367 0.02703924565047201
380 0.02857406137781868
405 0.010658309841219496
458 0.02301627694027597
589 0.022065768831245232
935 0.0698206755672856
974 0.040656698390093886
1059 0.02890436263504851
1183 0.08554801923154694
1366 0.06309191821857338
1414 0.047974501033706284
1415 0.052690935382707756
1694 0.0393675251565724
1701 0.050151789103424584
1712 0.16108685646118256
1724 0.03682823030675767
1735 0.024749100058684786
1805 0.08076172003440926
2023 0.055914291724208025
2030 0.04749044396477495
2071 0.07816840446834761
2101 0.022668667860233447
2181 0.17969754885970557
2264 0.06022988126306049
2283 0.04310717094436984
2288 0.032191609469757916
2348 0.030071165751697364
2421 0.027233582549998296
2437 0.030071165751697364
2460 0.020014063835516033
2471 0.02389111527235898
2554 0.013208231198924855
2571 0.08797878805462975
2576 0.04152169958249736
2582 0.044929072779583974
2667 0.02825205308469909
2746 0.058258771550028815
2798 0.05900743385093495
2982 0.06780078725441901
3023 0.040656698390093886
3034 0.045718529106290144
3128 0.029829158760880863
3129 0.06586640541442051
3167 0.03056932506502917
3355 0.05900743385093495
3399 0.02924339532561059
3426 0.04900112800110809
3522 0.04631600405719485
3523 0.02260026241813967
3524 0.0648045905237405
3631 0.16691950586550922
3651 0.09062264123901685
3857 0.04453374982693683
3866 0.039084202234173804
3892 0.03404920975750464
3927 0.05133958246352801
3957 0.022668667860233447
3984 0.03455891881496686
4038 0.049546997189626366
4045 0.02890436263504851
4121 0.029709846365709988
4148 0.03355898486446305
4198 0.031627738888824856
4211 0.03662301008880992
4212 0.020938859961348387
4263 0.02301627694027597
4307 0.055029389845127674
4375 0.06245864269853253
4404 0.014090790217465291
4439 0.018052871570322176
4465 0.01946819464699776
4511 0.035643451027404356
4517 0.08976281461717082
4536 0.036421021819975946
4562 0.03404920975750464
4598 0.039084202234173804
4658 0.05900743385093495
4701 0.21553585472184922
4702 0.08976281461717082
4712 0.03404920975750464
4715 0.06140438579250469
4990 0.17242868377747936
5000 0.07567202439970552
5249 0.06678172560017305
5442 0.02035309652607811
5474 0.017862853428339393
5479 0.016908977591840155
5616 0.047023992924675545
5702 0.03381795518368031
5726 0.031220530402043135
5735 0.03372032019913597
5792 0.031627738888824856
5819 0.027937931507225188
5839 0.055029389845127674
5874 0.06210400452017847
5887 0.02835849344653024
5987 0.23599955045402413
5988 0.09800225600221618
6175 0.03724879224606272
6186 0.05011713505140247
6333 0.08976281461717082
6502 0.03388371081624099
6519 0.022263602933244482
6534 0.04657391200803657
6566 0.06642463076593946
6578 0.022131375061195616
6585 0.02857406137781868
6600 0.04380063658317528
6618 0.06912018006259298
6673 0.08976281461717082
6680 0.014739433540689842
6698 0.049986824033417025
6728 0.08087251581763834
6792 0.046139091045595194
6814 0.03372032019913597
6815 0.129609181047481
6833 0.04380063658317528
6836 0.04900112800110809
6957 0.021935554616471894
6986 0.02155266080993906
6987 0.03233653745233752
7002 0.02962714483516644
7314 0.047333496420083526
7344 0.017445334067625322
7359 0.022397208203741803
7505 0.021365416754695783
7506 0.05686479983323876
7526 0.05517699471931795
7558 0.026565908172628595
7683 0.07536722641700817
7684 0.028041786244616552
7758 0.015306211614630078
7822 0.11580043549572741
7852 0.06158123418224024
7990 0.03388371081624099
7993 0.037464360177351164
8075 0.040938599627662386
8107 0.014125978140743489
8142 0.12316246836448048
8179 0.007931426823240826
8207 0.018052871570322176
8218 0.022737440089292377
8279 0.046139091045595194
8291 0.040656698390093886
8322 0.0235193214145848
8503 0.22397208203741803
8505 0.07449758449212544
8577 0.1335634512003461
8578 0.05848679065122118
8621 0.06217523479851121
8634 0.03813369412514307
8754 0.05342404862646931
8767 0.04163909513235502
8842 0.021059292677085117
8848 0.020069950590562095
8855 0.036421021819975946
8880 0.04011082920157561
8881 0.0629811224353443
8948 0.046976111259602445
9022 0.00890201738416687
9025 0.020584201697292144
9081 0.03082585341600437
9229 0.036026344833937185
9231 0.022806583059921483
9234 0.07567202439970552
9360 0.08319813386783233
9378 0.08554801923154694
9483 0.026109419067002898
9492 0.04038086001720463
9553 0.06158123418224024
9581 0.045718529106290144
9694 0.08507548033959073
9746 0.051686251945021335
9802 0.04310717094436984
9830 0.08087251581763834
9882 0.06022988126306049
9916 0.03190657573980845
10116 0.026090366561895367
10225 0.007866375170741187
10266 0.03860014516524247
10285 0.04344921761449933
10371 0.016021157730722393
10391 0.08983328726693933
10461 0.06678172560017305
10507 0.01904763270769271
10523 0.05342404862646931
10921 0.04380063658317528
10939 0.031087617399255606
10985 0.06309191821857338
11003 0.028041786244616552
11167 0.027937931507225188
11183 0.02466868606493057
11190 0.008373746172326698
11204 0.11300821233879636
11213 0.025668620015434376
11275 0.013916284260389003
11378 0.04749044396477495
11465 0.04380063658317528
11483 0.06522803685576554
11507 0.05373028409153975
11642 0.015000816472826499
11711 0.054201619419040906
11744 0.029709846365709988
11758 0.03404920975750464
11770 0.052690935382707756
11864 0.06912018006259298
11869 0.027937931507225188
11904 0.016103113217176036
11969 0.01063144911938108
12005 0.03056932506502917
12039 0.02081954756617751
12083 0.03082585341600437
12254 0.0949808879295499
12270 0.025188803011899928
12450 0.05342404862646931
12471 0.037464360177351164
12475 0.013744120735971968
12614 0.016268612158439683
12817 0.025075894551712292
12865 0.18413021552220776
12868 0.10866649583598273
13016 0.01370996361860719
13031 0.02081954756617751
13060 0.027834910953437257
13071 0.04749044396477495
13110 0.027430909365032067
13140 0.02524246819153873
13148 0.06556282814378292
13169 0.054201619419040906
13186 0.06912018006259298
13219 0.06678172560017305
13228 0.11725260670252143
13342 0.07567202439970552
13372 0.044929072779583974
13396 0.06912018006259298
