299
t_index tf-idf
110 0.017392096299983336
115 0.015379173942891568
141 0.04657884962158507
165 0.031276885077959685
209 0.09699195173487714
219 0.011543050869700455
223 0.018395698282721067
366 0.04849597586743857
369 0.09699195173487714
408 0.017875744070651695
424 0.03254027718147475
540 0.028863303629457642
608 0.028467226007235235
689 0.012136870031080195
771 0.0297306181107503
782 0.02650366130776294
785 0.019257015816954687
999 0.02614520032880043
1000 0.23333812832961365
1029 0.018486280904541057
1059 0.015616102043939968
1120 0.09699195173487714
1140 0.017013342366519246
1180 0.018486280904541057
1273 0.017875744070651695
1293 0.02619086630801389
1315 0.07216005796842233
1338 0.01009794587276938
1466 0.04849597586743857
1476 0.01978624022692064
1489 0.04494928896200748
1494 0.02347422167941662
1520 0.015556106241503118
1546 0.04088317289046264
1694 0.02126901387948133
1746 0.0203592501477546
1756 0.01779275539139361
1757 0.021670597265456726
2064 0.011184268665248015
2070 0.020009790964945273
2146 0.010179952414417682
2150 0.02516239405400608
2229 0.046033476840211286
2268 0.019715186547113562
2275 0.014928317601455816
2287 0.0297306181107503
2306 0.024700258048830286
2320 0.027399043203896568
2505 0.03254027718147475
2554 0.0071359845856713835
2571 0.006790303344813298
2581 0.01989711414257881
2652 0.014608439030477937
2700 0.027076684063035664
2834 0.028467226007235235
2841 0.018029442694311032
2930 0.01526368007113572
3055 0.010903937193725483
3058 0.04088317289046264
3078 0.0203592501477546
3080 0.016795644717696588
3123 0.01206430945295377
3183 0.02619086630801389
3189 0.018486280904541057
3216 0.018578063331037963
3227 0.04369283196118709
3272 0.03501184618087249
3283 0.03327036991348672
3350 0.015987412571499493
3395 0.02516239405400608
3415 0.06144446276959648
3473 0.04088317289046264
3587 0.04369283196118709
3685 0.027737133275223272
3721 0.01950677745002079
3751 0.028092568717044013
3757 0.028907743821406418
3770 0.03888968805493561
3775 0.022273540156784188
3876 0.0087222422038204
3880 0.017710748849745304
3882 0.016180805734358657
3902 0.04088317289046264
4033 0.01605127912400783
4136 0.07718825422996073
4148 0.018130845462720313
4184 0.021527716494306414
4241 0.012857938808067326
4258 0.02565756693651079
4305 0.04849597586743857
4314 0.01886093819473228
4372 0.04369283196118709
4375 0.011248135217756352
4383 0.03643601956097266
4404 0.015225605953951853
4562 0.018395698282721067
4595 0.04369283196118709
4650 0.1638381259205447
4715 0.011058274796189217
4778 0.013030981589478938
4807 0.04544962149669304
4828 0.018671077773165144
4852 0.02911306526252375
4916 0.028863303629457642
4965 0.01206430945295377
5030 0.07280107497693365
5127 0.014009839274293737
5135 0.04996266604600587
5139 0.01821800978048633
5152 0.0297306181107503
5213 0.02619086630801389
5228 0.03327036991348672
5409 0.025835165903950116
5418 0.03501184618087249
5435 0.10179625073877298
5460 0.027076684063035664
5580 0.022762882604031823
5641 0.04088317289046264
5658 0.014403106321789223
5794 0.02674229332726842
5874 0.02236853733049603
5913 0.029283400242432655
5917 0.02591908747854676
5919 0.014403106321789223
5992 0.031276885077959685
6033 0.02366408210098376
6035 0.04849597586743857
6038 0.08176634578092529
6128 0.03072223138479824
6148 0.031276885077959685
6175 0.020124330298247346
6182 0.022762882604031823
6298 0.006461050349733434
6303 0.015616102043939968
6330 0.02085442303025931
6339 0.010318824234403688
6439 0.01754959107703015
6509 0.005390571118239786
6519 0.012028312115408231
6568 0.15555875221974244
6576 0.01147642081889259
6666 0.02932147435961652
6680 0.03185297681841067
6704 0.017875744070651695
6716 0.016795644717696588
6733 0.022560581194943346
6793 0.01115255477971234
6817 0.013774919424786484
6957 0.05925539054541906
6987 0.03494079250106542
7002 0.008003299066964042
7074 0.03501184618087249
7092 0.04369283196118709
7122 0.018486280904541057
7137 0.009753388725010395
7194 0.012866962763092162
7213 0.023424968102548367
7254 0.018044763959534863
7260 0.04088317289046264
7344 0.009425155656617789
7400 0.016379751606151193
7464 0.02591908747854676
7622 0.010207505022861661
7758 0.016538912516297476
7770 0.06420511649603132
7775 0.04325183255075396
7850 0.014106083486646818
7854 0.027843954487394466
7864 0.015807185430392667
7908 0.023842857363606917
7913 0.036080028984211164
7946 0.023109428407822315
7985 0.11615805922508013
8010 0.018044763959534863
8033 0.03408654414868413
8047 0.028019678548587473
8107 0.007631813885729208
8179 0.012855288198839415
8248 0.015616102043939968
8396 0.027737133275223272
8415 0.02540555836836953
8491 0.04334119453091345
8503 0.012100494767004378
8507 0.022762882604031823
8522 0.017959738697780347
8531 0.04849597586743857
8574 0.04849597586743857
8584 0.04849597586743857
8617 0.017015172480330916
8628 0.06144446276959648
8634 0.020602414462118055
8656 0.03254027718147475
8755 0.03408654414868413
8767 0.011248135217756352
8783 0.03187982796928714
8787 0.04414029911254493
8994 0.04849597586743857
9045 0.024700258048830286
9077 0.01978624022692064
9231 0.024643333799408564
9410 0.01978624022692064
9443 0.04423563026754875
9448 0.018671077773165144
9451 0.04896051267236235
9452 0.06498595369673692
9454 0.02385929140116015
9482 0.014766532698834423
9483 0.014106083486646818
9546 0.04369283196118709
9611 0.018578063331037963
9613 0.022762882604031823
9634 0.00833235658620465
9640 0.02085442303025931
9701 0.020602414462118055
9850 0.01178143458925945
9986 0.6304476862767014
10116 0.04792568609491117
10119 0.0517346786040221
10209 0.0297306181107503
10225 0.004249950740420604
10332 0.028863303629457642
10378 0.014453871910703209
10399 0.04849597586743857
10415 0.14548792760231571
10433 0.019056147494908672
10444 0.014203683295794798
10471 0.18631539848634027
10565 0.09699195173487714
10602 0.03254027718147475
10604 0.012028312115408231
10681 0.013637697675505793
10720 0.04849597586743857
10731 0.008084110150678864
10758 0.035919477395560694
10959 0.027076684063035664
10962 0.021527716494306414
10964 0.0631970822234663
10965 0.02138772240176241
10988 0.020983949640610136
11003 0.015150079627055899
11037 0.015861418702440695
11057 0.018671077773165144
11087 0.0297306181107503
11105 0.02540555836836953
11142 0.12288892553919296
11172 0.04849597586743857
11176 0.024480256336181175
11190 0.0045240670541042685
11204 0.01526368007113572
11345 0.012667252344281229
11400 0.022933989368971792
11435 0.04849597586743857
11443 0.14548792760231571
11453 0.027737133275223272
11519 0.02540555836836953
11535 0.01658457849551093
11536 0.01716236901114935
11642 0.008104461037242347
11643 0.014873968523678217
11653 0.013503140595319358
11712 0.015379173942891568
11744 0.01605127912400783
11790 0.05081111673673906
11865 0.026061963178957877
11866 0.06542362316235288
11888 0.04849597586743857
11896 0.016180805734358657
11904 0.00869999668906788
11950 0.16270138590737374
11952 0.24508292326610745
11974 0.04849597586743857
12039 0.03374440565326906
12063 0.06041740454924203
12170 0.031276885077959685
12250 0.01255013172136308
12270 0.004536234698835933
12294 0.04849597586743857
12400 0.020727273189574805
12475 0.007425508551325622
12608 0.020612942201322672
12614 0.00878941047021811
12621 0.010605206803510403
12643 0.024267024992311217
12656 0.02347422167941662
12769 0.020009790964945273
12927 0.01880107877908664
12928 0.03630148430101313
12968 0.01665422201533529
13014 0.025255983550535394
13016 0.007407054554016289
13104 0.038514031633909374
13123 0.015093970236327333
13195 0.022762882604031823
13224 0.052017515762211565
13239 0.02764860908012576
13357 0.04849597586743857
13370 0.021672714450012044
13398 0.05194401368256869
13402 0.04849597586743857
