298
t_index tf-idf
24 0.07889749263554816
105 0.025637551833241384
198 0.07225109264171392
287 0.04277194631469118
294 0.0648302956315701
336 0.055462720971589205
398 0.043864889254689815
405 0.009599334482367066
448 0.03542523245939017
524 0.032984265688542395
586 0.020051563007889576
589 0.039746770130953006
678 0.0240950451355655
738 0.04567504034544041
784 0.02633786569470818
791 0.05213952097467209
831 0.037130670502837956
877 0.012914464873011903
897 0.038524121701346094
905 0.0622526214556315
935 0.031441758990866514
966 0.034764958987783624
974 0.03661717970384799
990 0.039774166172584696
1026 0.05682330830466254
1062 0.05213952097467209
1081 0.022584434383351587
1096 0.015268448832836618
1103 0.07283728295847766
1143 0.060146508301579645
1180 0.030817193865805365
1414 0.04320790903133655
1415 0.047455733644681634
1520 0.02593250336922585
1680 0.01275424537102291
1694 0.035456094573217974
1701 0.022584434383351587
1707 0.05035882767543086
1712 0.14508178490962473
1805 0.03636874774382036
1849 0.06815349562848722
1958 0.04010901978938062
1985 0.019873385065476503
2064 0.03728903368762881
2070 0.033356931584301704
2071 0.07040184340885798
2097 0.04462416703075554
2146 0.03394058206945455
2181 0.1888172752847887
2197 0.10071765535086172
2208 0.043660972625877766
2312 0.06815349562848722
2315 0.04513765782974551
2360 0.02392640504694997
2381 0.04513765782974551
2437 0.027083391515686686
2471 0.021517370959626896
2472 0.04010901978938062
2535 0.030517134374438534
2555 0.055462720971589205
2571 0.06791785616543397
2576 0.11218871148612107
2582 0.0809301294518368
2662 0.10071765535086172
2684 0.027193934377521427
2891 0.06073995544625459
2901 0.027763095842857043
2903 0.03612554632085696
2956 0.04010901978938062
2982 0.02035477309000524
3104 0.06815349562848722
3242 0.06815349562848722
3258 0.060146508301579645
3291 0.04045387049975506
3292 0.04320790903133655
3350 0.026651504170721964
3416 0.04956184679873348
3436 0.06815349562848722
3560 0.03128242348665174
3631 0.07516746052163563
3634 0.03022467214800125
3711 0.05035882767543086
3782 0.07283728295847766
3819 0.0648302956315701
3857 0.04010901978938062
3866 0.07040184340885798
3892 0.03066618987360627
3927 0.09247729360363276
3928 0.04623864680181638
3979 0.046831168519620485
4027 0.020921452199919463
4049 0.03687107214183547
4121 0.026757971660876057
4198 0.0284853085562073
4202 0.03354787214491836
4212 0.018858442233597974
4263 0.02072945374828975
4404 0.012690774656898014
4416 0.02017189368875897
4439 0.01625919635968377
4465 0.017533897491103238
4520 0.026235183766085256
4558 0.04567504034544041
4598 0.03520092170442899
4696 0.06815349562848722
4701 0.11647254357813876
4712 0.03066618987360627
4715 0.018434481222872705
4753 0.015630094953037136
4807 0.012627650779007397
4828 0.031125255879770723
4856 0.01327497086738031
4990 0.27176926834899046
5207 0.01941125780557505
5244 0.03434485302161574
5283 0.039774166172584696
5371 0.02823951968986676
5479 0.03045791200987483
5662 0.039132243206678276
5702 0.04568686801481225
5822 0.05747288215039462
5827 0.05035882767543086
5874 0.018644516843814404
5913 0.048816320977754984
5938 0.04811600711628818
5987 0.24797662721573116
5988 0.1765301345910581
6050 0.07283728295847766
6103 0.027418245132482606
6186 0.13541297348923653
6187 0.060146508301579645
6196 0.027532055323121203
6249 0.024527741447294717
6359 0.05213952097467209
6368 0.11364661660932508
6502 0.09155140312331561
6509 0.00898624639839805
6519 0.020051563007889576
6534 0.041946478023040974
6566 0.044868669945493905
6578 0.039864945743184735
6626 0.0284853085562073
6672 0.03687107214183547
6792 0.04155485947182592
6814 0.030369977723127294
6908 0.015228956004937415
6921 0.05121489635824411
6946 0.025833347044448084
6957 0.019756108515949482
6974 0.07283728295847766
6986 0.01941125780557505
7002 0.040025230632311413
7115 0.03766805301853285
7122 0.030817193865805365
7344 0.04713606548313889
7359 0.02017189368875897
7397 0.038524121701346094
7438 0.02288645527058169
7526 0.03312985741848989
7558 0.02392640504694997
7684 0.025255644624262014
7687 0.055462720971589205
7690 0.11673163000467685
7752 0.07283728295847766
7758 0.05514174278495716
7793 0.020921452199919463
7796 0.026032518201001817
7822 0.06952991797556725
7854 0.02320836050960135
7898 0.07283728295847766
7963 0.0622526214556315
7990 0.06103426874887707
8031 0.07283728295847766
8047 0.023354829193287244
8075 0.11061321642550642
8108 0.027444401716425215
8116 0.07283728295847766
8179 0.021430157351288465
8207 0.01625919635968377
8215 0.06194039593795951
8217 0.03766805301853285
8218 0.061434963687899226
8248 0.026032518201001817
8252 0.03661717970384799
8279 0.12466457841547776
8285 0.055462720971589205
8486 0.03354787214491836
8501 0.035067794982206475
8503 0.06051568106627691
8529 0.023760191518769572
8577 0.060146508301579645
8578 0.02633786569470818
8621 0.027998851799298428
8767 0.0187509843339685
8817 0.034140393862722475
8848 0.07230345960418898
8855 0.16401173161969929
8881 0.028361760416912796
8948 0.04230871605157034
9019 0.033356931584301704
9022 0.02405262477207739
9045 0.04117608321310531
9050 0.09912369359746696
9081 0.027763095842857043
9084 0.04117608321310531
9094 0.04045387049975506
9099 0.04045387049975506
9123 0.02730554530286847
9128 0.10427904194934418
9187 0.022003097085568194
9276 0.018912548378926943
9282 0.030817193865805365
9360 0.024977278361634835
9436 0.0622526214556315
9552 0.03374202194042411
9581 0.04117608321310531
9634 0.01389029246077356
9685 0.02320836050960135
9694 0.0255408848180108
9699 0.041946478023040974
9702 0.03066618987360627
9714 0.055526191685714085
9916 0.02873644107519731
10042 0.019873385065476503
10043 0.038524121701346094
10116 0.05169584578396855
10225 0.014169594908134533
10266 0.034764958987783624
10371 0.043288041202516385
10374 0.0202325323629592
10376 0.028610192376940423
10380 0.09741085294629474
10451 0.03316909588619776
10461 0.060146508301579645
10471 0.07764836238542584
10473 0.038524121701346094
10661 0.0622526214556315
10731 0.026952916168746326
10817 0.03944874631777408
10939 0.11199540719719371
11028 0.047455733644681634
11092 0.03374202194042411
11148 0.03588735971929162
11183 0.04443536964218738
11190 0.015083515412122368
11204 0.1272251001396046
11213 0.02311826855286316
11231 0.04956184679873348
11245 0.024180297484937455
11275 0.012533607050016994
11345 0.04223339169804566
11378 0.04277194631469118
11457 0.02823951968986676
11465 0.03944874631777408
11483 0.05874718906980264
11507 0.03226121067417336
11512 0.10910624323146106
11535 0.027646997972062645
11553 0.1296605912631402
11570 0.04567504034544041
11642 0.02702076726543867
11758 0.03066618987360627
11865 0.02172304358991253
11932 0.044132533647764524
11953 0.055997703598596855
12115 0.060146508301579645
12174 0.0648302956315701
12209 0.07283728295847766
12211 0.048816320977754984
12254 0.04277194631469118
12270 0.030248166163153022
12471 0.06748404388084822
12475 0.024757098278452055
12476 0.04462416703075554
12488 0.04117608321310531
12588 0.06815349562848722
12865 0.165835629986318
12868 0.09786974258547115
12925 0.055462720971589205
12928 0.02017189368875897
12947 0.026651504170721964
13022 0.05035882767543086
13026 0.03588735971929162
13060 0.02506932379612404
13084 0.01958239635660088
13110 0.04941092501028469
13115 0.03227317101349889
13140 0.022734457802492156
13148 0.029524358286534456
13168 0.0622526214556315
13174 0.023677973086922346
13217 0.023677973086922346
13224 0.01734295693048658
13239 0.027654644561831795
13258 0.04277194631469118
13370 0.009032268933014512
13387 0.021862221670001333
13427 0.07283728295847766
