258
t_index tf-idf
82 0.06390071422665068
86 0.019387152500924903
105 0.02026436588992332
108 0.022417627631101347
114 0.0256465795517047
122 0.025927543795130664
139 0.020576554161353115
145 0.030218967131408606
203 0.026670279709781714
380 0.020341417971195045
405 0.007587480564280148
549 0.07309565773999055
569 0.043838697170833135
573 0.040481142878561076
586 0.015849103381621626
588 0.0223210064390459
589 0.031416536887581364
689 0.01599214470045923
731 0.03284568208067317
740 0.037509835432246466
877 0.010207817156705008
882 0.051242990749477337
957 0.02537400356559331
1092 0.2403793368956453
1140 0.022417627631101347
1183 0.03045013435065231
1222 0.02894285430224851
1273 0.047107942175235624
1415 0.037509835432246466
1447 0.021494557662801075
1489 0.019742474279403135
1562 0.017061571530471487
1615 0.07403233663705593
1680 0.01008117688184083
1694 0.0560502249304335
1712 0.019112526763442304
1735 0.052855467276566745
1747 0.02213077836172577
1823 0.11514370497612801
1833 0.03701616831852796
1867 0.018780467717151944
1881 0.02714676785804734
1913 0.018523250216486462
1917 0.0311809736936598
1951 0.08982825802178133
2070 0.05273179521868312
2075 0.03905525261853285
2088 0.0331552241798066
2176 0.22782403526677153
2268 0.03896656822359409
2323 0.029993508332134978
2380 0.03045013435065231
2460 0.014247692422766448
2504 0.042876690608581944
2515 0.09510859591253994
2571 0.026841726088897188
2578 0.030218967131408606
2607 0.06451281106743467
2630 0.05673198384192803
2688 0.03610234454589858
2772 0.0331552241798066
2804 0.02158277687512122
2841 0.00791883068417978
2864 0.08096228575712215
2927 0.018586878470110545
2961 0.046133353073807344
2973 0.04895876387955556
2988 0.11509932301220067
3080 0.02213077836172577
3241 0.039804491335220675
3283 0.043838697170833135
3417 0.03197544129029137
3437 0.02636589760934156
3575 0.038585267272304005
3589 0.024358444841354625
3631 0.023765466109003406
3640 0.042006449818200134
3642 0.07220468909179716
3646 0.04121198222156857
3884 0.022613992563661842
4045 0.020576554161353115
4074 0.0331756618950684
4241 0.008471130424965176
4383 0.024004957441073366
4778 0.0171702706409735
4779 0.020576554161353115
4807 0.029943342958066114
4852 0.03836082541544327
4856 0.010492767350971212
4859 0.057571852488064006
4913 0.02213077836172577
5068 0.021149965165751027
5090 0.035677588079613465
5127 0.018460062300324535
5230 0.023336565163284584
5263 0.01739162978406298
5270 0.011434331134136458
5474 0.03814884026525993
5580 0.029993508332134978
5632 0.03197544129029137
5658 0.17080425501787047
5695 0.038585267272304005
5720 0.03284568208067317
5722 0.03415228113997441
5780 0.01739162978406298
5822 0.022713781725717752
5853 0.06390071422665068
5917 0.03415228113997441
6121 0.08167650329097417
6142 0.061861608283940134
6148 0.04121198222156857
6274 0.025109329455738613
6354 0.2281903622565999
6381 0.04316555375024244
6509 0.014205770206033011
6519 0.015849103381621626
6566 0.011821658462604445
6576 0.015121903910077424
6640 0.022417627631101347
6698 0.017792410873478975
6721 0.04121198222156857
6727 0.01756124365423527
6813 0.06390071422665068
6986 0.030685990075369082
7170 0.021944432762382594
7182 0.07612201069677994
7194 0.01695415126271042
7294 0.019815228588204486
7337 0.019248807165684632
7363 0.19180412707721636
7377 0.2315428344179881
7380 0.2923826309599622
7389 0.01695415126271042
7495 0.020982426200131406
7526 0.013093207123989056
7603 0.030069889982818412
7622 0.013449917230574442
7821 0.047107942175235624
7826 0.03068730657994129
7832 0.2572601436514917
7864 0.010414167576256553
8107 0.010056058248544416
8179 0.022585024366851926
8215 0.02447938193977778
8218 0.064745681943602
8226 0.06090026870130462
8239 0.019387152500924903
8248 0.020576554161353115
8275 0.015708268443790682
8322 0.03348605862968644
8424 0.042006449818200134
8506 0.032546290752395936
8529 0.018780467717151944
8578 0.02081790611946067
8617 0.05978677088066465
8621 0.02213077836172577
8649 0.0538697056987419
8710 0.0348831204829819
8711 0.03451039046768655
8736 0.038585267272304005
8831 0.016285130825075173
8842 0.10494241900047045
8845 0.022417627631101347
8852 0.12780142845330136
8880 0.02855425874439523
8903 0.0208997956140613
8905 0.014012556232608374
8948 0.03344154340393181
8955 0.03045013435065231
9022 0.03802322407106262
9025 0.014653564461544739
9036 0.02977348280731191
9160 0.11674271556295411
9229 0.0512931591034094
9231 0.01623564226248801
9328 0.04970422391014626
9452 0.021407182666416516
9607 0.02636589760934156
9628 0.04491412901089067
9734 0.045427563451435504
10001 0.02203713018237735
10004 0.025927543795130664
10048 0.01482110342716436
10225 0.016799840577492228
10251 0.022713781725717752
10348 0.017447818376428927
10374 0.01599214470045923
10380 0.019248807165684632
10457 0.04645954619717705
10458 0.0745563358652194
10486 0.014168638964046592
10532 0.033475629596634006
10627 0.055298995240195374
10654 0.016137462634316112
10681 0.01796970998694911
10702 0.029993508332134978
10837 0.019742474279403135
10964 0.02081790611946067
10988 0.3870929666813676
11032 0.02018795860349984
11103 0.027649497620097687
11183 0.03512248730847054
11245 0.019112526763442304
11304 0.01674302931484322
11342 0.07960898267044135
11345 0.016691002863853464
11361 0.21002908646956128
11392 0.027649497620097687
11483 0.015478265918399533
11643 0.019598682056543998
11744 0.021149965165751027
11826 0.020419125822743543
11865 0.0171702706409735
11866 0.028735141920483674
11897 0.08896205436739488
11903 0.02894285430224851
11928 0.050218658911477226
11969 0.015136717690730531
12000 0.05673616981950015
12029 0.059987016664269956
12039 0.01482110342716436
12083 0.021944432762382594
12086 0.020656298052032524
12161 0.022237913275684515
12190 0.05101854889261661
12217 0.03610234454589858
12270 0.00597716886752983
12313 0.032546290752395936
12448 0.04121198222156857
12475 0.019568440120591436
12576 0.037509835432246466
12608 0.0054321279463584405
12680 0.0348831204829819
12697 0.02894285430224851
12784 0.06340573060835995
12851 0.02203713018237735
12852 0.0538697056987419
12865 0.032769839974262166
12927 0.02477323820638516
12928 0.015944214840031605
12986 0.011791273684331865
13016 0.009759904153928012
13026 0.028365991920964014
13031 0.02964220685432872
13055 0.017618489092188914
13084 0.030956531836799066
13104 0.05074800713118662
13131 0.03380768864292436
13140 0.01796970998694911
13173 0.04334371355254242
13214 0.022636770455190223
13217 0.018715480841779247
13224 0.02741634826433644
13235 0.02651682034208651
13239 0.01457247399184514
13370 0.007139262113064729
13417 0.02447938193977778
13418 0.019527626309266424
