312
t_index tf-idf
8 0.0300076844215685
30 0.02381836269069911
75 0.0338260320369874
197 0.02727835439271422
211 0.021600890445165326
213 0.024917166064255276
245 0.0539760920604486
247 0.07152864279494883
249 0.06759899220760264
306 0.0832043178729629
388 0.021518685222346304
408 0.024917166064255276
438 0.0676110983610161
458 0.017333203422479515
524 0.055160448882333506
577 0.0386630482755576
588 0.023612843120767717
619 0.13212765605352267
620 0.031047294967521694
672 0.04751355119833997
678 0.020147386606511008
689 0.01691769611768016
692 0.032463346043550084
782 0.012314566739267304
818 0.028151241506388695
843 0.05642766445086773
877 0.021597196863409843
894 0.19840365665548132
906 0.06707536122537225
999 0.03644403812233543
1029 0.02576819904046253
1075 0.03442991962740852
1096 0.02553382571280844
1199 0.02446253837030856
1296 0.1563467599859963
1338 0.07037810376597173
1476 0.027580224441166753
1520 0.021683801300842853
1569 0.05420869820142753
1599 0.024687177689903757
1696 0.03650769235586279
1700 0.0300076844215685
1708 0.3437260324008855
1734 0.060903845204515084
1786 0.017333203422479515
1787 0.0773260965511152
1863 0.04751355119833997
1873 0.024801487371701045
1913 0.019595290321833596
2071 0.05886742062481806
2088 0.03507409530701797
2131 0.013487816274875296
2141 0.10841739640285505
2146 0.01418993043499164
2221 0.05029228826780567
2229 0.17966617729284684
2230 0.05420869820142753
2275 0.020808720871436075
2280 0.02503424695691059
2360 0.08002550397771871
2375 0.021600890445165326
2421 0.02050919127741209
2443 0.0386630482755576
2447 0.03061793293113909
2459 0.05420869820142753
2460 0.015072283005269162
2487 0.0386630482755576
2554 0.009946915342397682
2571 0.018930134085681463
2622 0.05029228826780567
2636 0.12598653749915442
2652 0.020362839153620572
2661 0.03221244738187474
2667 0.021276185739790968
2804 0.02283188824188855
2841 0.008377136002181606
2898 0.01782306331027047
2900 0.06209458993504339
2931 0.038019427484709725
2968 0.09275175666836766
2993 0.023612843120767717
3049 0.021683801300842853
3055 0.030398199116794842
3059 0.024243004934474063
3144 0.060903845204515084
3251 0.03507409530701797
3294 0.05420869820142753
3330 0.06759899220760264
3347 0.03325768838871565
3472 0.032463346043550084
3514 0.04637587833418383
3523 0.01701990929773444
3544 0.031967901272470046
3591 0.017175286193117666
3599 0.06885983925481703
3757 0.020147386606511008
3809 0.044437588973696804
3829 0.04637587833418383
3876 0.012158014602707696
3976 0.015414232179190624
3999 0.0386630482755576
4096 0.060903845204515084
4103 0.02576819904046253
4116 0.04320178089033065
4323 0.0300076844215685
4350 0.031047294967521694
4375 0.031357760776423486
4387 0.05420869820142753
4404 0.042446227746837636
4433 0.15616002684519817
4436 0.023612843120767717
4553 0.015678880388211743
4555 0.039680731331096265
4587 0.02564193508067973
4602 0.03915849304663764
4715 0.015414232179190624
4726 0.05205334228173272
4807 0.010558775081983302
4830 0.016326140549846244
4856 0.02220008045226721
4965 0.016816553252367892
5010 0.11909181345349557
5135 0.023214475100277986
5258 0.03507409530701797
5270 0.012096097369022356
5322 0.06597116865601743
5374 0.021851789106840675
5399 0.020147386606511008
5409 0.048015837668594234
5442 0.015327603299147785
5490 0.056757896607860826
5512 0.0769258052420392
5702 0.03820167123805894
5714 0.031496634374788605
5780 0.036796353858594574
5833 0.026290437324921152
5851 0.045852247351953423
5879 0.040818404195252414
5911 0.03962041726196911
5919 0.02007662397955014
5929 0.07380398852326113
6117 0.02021867147160449
6122 0.03442991962740852
6259 0.11322732591182774
6339 0.014383505157619145
6418 0.2072089267251165
6439 0.02446253837030856
6509 0.015027934524401838
6590 0.014462034495698575
6640 0.023715056300821994
6671 0.02515276446076501
6704 0.04983433212851055
6733 0.015723702071329327
6771 0.015768732714097743
6908 0.025467780825372623
6949 0.04023282761577368
6951 0.030206847258543005
6952 0.03915849304663764
6996 0.035764321397474416
7002 0.011155873071647312
7068 0.2072089267251165
7110 0.0338260320369874
7122 0.02576819904046253
7173 0.04210819131149801
7179 0.056987435270893234
7189 0.05029228826780567
7213 0.016326140549846244
7314 0.01782306331027047
7338 0.056987435270893234
7344 0.03941343662381689
7439 0.02943371031240903
7505 0.016089966060807828
7758 0.011526872058080161
7770 0.0223740273912993
7775 0.06028913202107665
7778 0.05420869820142753
7793 0.017493745434792478
7845 0.02515276446076501
7864 0.03305067437927449
7908 0.016617390415393386
7960 0.031047294967521694
7985 0.026985633343647463
7987 0.026701522997517234
8093 0.04404550060447068
8108 0.0841426477656412
8179 0.00597303529647638
8202 0.05962509070555047
8212 0.018517426041209574
8264 0.024801487371701045
8395 0.04210819131149801
8474 0.05029228826780567
8501 0.02932239466534616
8505 0.028051491338848197
8523 0.048803338314585575
8547 0.05420869820142753
8548 0.0386630482755576
8609 0.031269351997199255
8616 0.08384816971997146
8643 0.04144178534502331
8650 0.054261770067799676
8710 0.036901994261630565
8711 0.03650769235586279
8716 0.028051491338848197
8767 0.04703664116463523
8773 0.014383505157619145
8901 0.03650769235586279
8905 0.014823538219258747
8973 0.033537680612686124
9018 0.032985584328008716
9022 0.006703972088561568
9054 0.04751355119833997
9077 0.055160448882333506
9168 0.023312537418480946
9180 0.05029228826780567
9187 0.018398176929297287
9243 0.04144178534502331
9276 0.031627948547990246
9352 0.02446253837030856
9435 0.03915849304663764
9456 0.023117398349687675
9517 0.025896135419153383
9558 0.032985584328008716
9571 0.021936891466867794
9580 0.018946788077592175
9612 0.04623479669937535
9634 0.011614549410892483
9685 0.019405973678797477
9732 0.017712038462845723
9904 0.027891833895919007
9999 0.040818404195252414
10004 0.027428110189077298
10048 0.015678880388211743
10116 0.07859301174692375
10119 0.01442269002020118
10213 0.12121502467237032
10225 0.005924045899595618
10254 0.05054550853876497
10316 0.02351170025545545
10371 0.04826114783565198
10436 0.020885077438079196
10444 0.03959729273440029
10604 0.0838318811423311
10654 0.03414284876373569
10681 0.019009713742354863
10706 0.06759899220760264
10731 0.04507406557401073
10799 0.04535819527864516
11002 0.02381836269069911
11007 0.053971266687294926
11032 0.042712688671521275
11037 0.022109379182278184
11039 0.05778387809565376
11084 0.03445527784992795
11086 0.035413044308410455
11190 0.03153069590485375
11204 0.021276185739790968
11228 0.035413044308410455
11304 0.017712038462845723
11312 0.024801487371701045
11335 0.039680731331096265
11456 0.2380843879865776
11471 0.05029228826780567
11507 0.013487816274875296
11533 0.04023282761577368
11542 0.05919115262285093
11642 0.033890651051185924
11643 0.02073296318598974
11684 0.0386630482755576
11688 0.13492816671823732
11718 0.04144178534502331
11797 0.022926123675976712
11798 0.048835324242002695
11895 0.02021867147160449
11901 0.13643137985592885
11978 0.037313079934226646
11982 0.02889193904782688
12093 0.06759899220760264
12099 0.036901994261630565
12118 0.05029228826780567
12121 0.0308302284083139
12129 0.02924972274230992
12190 0.053971266687294926
12226 0.055017299861469096
12475 0.05175242746641729
12483 0.032463346043550084
12540 0.05029228826780567
12608 0.07470468724940592
12614 0.04900656429801848
12621 0.04434808945984279
12643 0.0338260320369874
12755 0.02273856330932147
12760 0.03474663834193575
12807 0.027891833895919007
12871 0.10410668456346545
12958 0.02564193508067973
12964 0.015905098113787965
12973 0.021936891466867794
12980 0.18271153561354528
12986 0.012473698104182182
13014 0.052806825866173364
13016 0.030974286883940643
13084 0.016374076406938054
13174 0.019798646367200145
13214 0.011973441049329406
13224 0.014501539889743892
13228 0.02943371031240903
13239 0.023123792145567024
13282 0.05420869820142753
13319 0.060903845204515084
13377 0.01466119733267308
13379 0.08293185274395896
13452 0.035413044308410455
