372
t_index tf-idf
115 0.015190978090988743
121 0.01844259870136891
205 0.03034628164072956
388 0.015248739408802586
398 0.02599119354164142
438 0.06388147537188861
525 0.009762941356996636
526 0.04281082579605683
571 0.01680514909994517
586 0.01188112095586233
654 0.028118870895989606
678 0.014276999033939473
732 0.047102181844368
745 0.026149780451102184
746 0.036520126405689975
748 0.015306992318209341
784 0.031211867914232992
797 0.03841379266543606
851 0.01291262999086164
877 0.007652187471675757
999 0.01291262999086164
1055 0.01611317898150826
1074 0.013560875190314313
1137 0.025343593787803265
1150 0.04557293427296623
1231 0.02022915364773241
1296 0.02215833333498718
1489 0.014799747293817576
1501 0.019993106961876353
1508 0.021264280567239533
1518 0.07690280173483785
1520 0.015365745258703798
1592 0.034583404169411566
1599 0.06997608551682714
1633 0.04038288311032348
1680 0.01511450572648595
1683 0.07377289491525922
1694 0.010504371855728818
1747 0.01659011542999612
1863 0.06733885022472459
1896 0.028510101693160775
1943 0.03688644745762961
1980 0.05174073428735124
2131 0.01911568420135607
2139 0.032142079904555844
2208 0.02587036714367562
2227 0.02215833333498718
2239 0.04315816021850983
2257 0.03034628164072956
2268 0.00973696532756193
2291 0.023374503342915843
2297 0.020110112811777565
2443 0.027397712351482074
2466 0.03688644745762961
2494 0.025343593787803265
2528 0.03688644745762961
2554 0.007048661124524982
2571 0.006707210005248957
2574 0.029366802796369496
2679 0.04315816021850983
2684 0.01611317898150826
2746 0.015545091996144667
2861 0.01299559677082071
2886 0.017823949126543157
2900 0.022000977541895807
2951 0.02462243524329573
2973 0.018350722482415507
3013 0.02674534509496957
3043 0.07127703111449943
3046 0.02282663697946945
3123 0.04766671116752354
3129 0.017575024402003918
3132 0.021264280567239533
3165 0.09175361241207754
3171 0.02397006798678323
3209 0.03089414800417595
3272 0.034583404169411566
3322 0.044001955083791615
3350 0.01579177366788946
3399 0.015605933957116496
3422 0.021405412898028414
3428 0.0264410872029478
3468 0.034583404169411566
3477 0.027063759508151455
3523 0.012060781546871404
3601 0.01611317898150826
3635 0.022319391955077688
3721 0.00963403593617669
3742 0.03034628164072956
3744 0.04038288311032348
3806 0.03089414800417595
3847 0.019544114846891343
3876 0.008615507615334295
3915 0.03089414800417595
3957 0.012097286569620521
3960 0.07682758533087213
4015 0.019764929981447136
4045 0.015425006888993812
4068 0.06723733450161966
4074 0.01243490064627779
4085 0.033669425112362296
4103 0.036520126405689975
4136 0.015248739408802586
4148 0.017908977245334537
4196 0.018260063202844987
4202 0.019878067690221962
4212 0.04469665195244095
4241 0.006350297729056702
4375 0.011110491128581963
4416 0.011952420304125008
4436 0.016732717995038532
4457 0.02022915364773241
4489 0.034583404169411566
4526 0.047902527771583596
4545 0.02509466906326403
4554 0.017908977245334537
4562 0.018170589045871308
4570 0.047902527771583596
4619 0.01725660998882204
4691 0.016047679194197466
4715 0.010922954040108797
4722 0.047902527771583596
4753 0.009261275473417211
4776 0.04038288311032348
4778 0.012871520704878207
4788 0.028510101693160775
4807 0.04489345181761971
4852 0.01437840348925046
4856 0.039328987595340155
4905 0.08023603528490872
4921 0.05702020338632155
4966 0.047902527771583596
4993 0.05785011511857706
5053 0.258948961311059
5103 0.013515695649771219
5122 0.06847991093840836
5139 0.01799507492824107
5200 0.032142079904555844
5235 0.022319391955077688
5270 0.025714894019479434
5296 0.029366802796369496
5345 0.04315816021850983
5346 0.04836138001242952
5383 0.05174073428735124
5394 0.014029871991758827
5409 0.00850633982209354
5435 0.020110112811777565
5442 0.010861566404042728
5452 0.035638515557249714
5524 0.015133700137148196
5525 0.09268244401252786
5666 0.028118870895989606
5702 0.009023589246133836
5780 0.013037460360289998
5833 0.018630135789842073
5836 0.018350722482415507
5880 0.03034628164072956
6121 0.015306992318209341
6143 0.02774879830899252
6183 0.047902527771583596
6284 0.047902527771583596
6300 0.04038288311032348
6339 0.020385104356276974
6472 0.035638515557249714
6483 0.02892505755928853
6487 0.11524137799630818
6509 0.010649212767756865
6519 0.01188112095586233
6578 0.011810556665515462
6626 0.01687835488376622
6663 0.5269278054874195
6671 0.017823949126543157
6680 0.03146319007627212
6698 0.013337901873321917
6727 0.026329219384521544
6733 0.01114225302103319
6749 0.01638163203752808
6751 0.021264280567239533
6763 0.03089414800417595
6771 0.011174162988110237
6774 0.019436322453140992
6793 0.022032160627907978
6817 0.040819064788025224
6818 0.014481332880635694
6957 0.011706055772449351
6987 0.01725660998882204
7002 0.007905362227733704
7023 0.23568597578653605
7074 0.034583404169411566
7108 0.16071039952277918
7115 0.022319391955077688
7178 0.032142079904555844
7222 0.0110788759428543
7255 0.02418069000621476
7263 0.04315816021850983
7264 0.029366802796369496
7344 0.03723927790023278
7359 0.011952420304125008
7385 0.05229956090220437
7438 0.0949261263322002
7440 0.020473632334089352
7495 0.03145852956203117
7507 0.015729264781015585
7558 0.02835414997722785
7580 0.019436322453140992
7593 0.03148971264804334
7595 0.06956089876332802
7606 0.03286323844906338
7622 0.01008259518630521
7743 0.047902527771583596
7793 0.012396555024749524
7811 0.0113033116411237
7850 0.027866933034378615
7884 0.04315816021850983
7886 0.11524137799630818
7946 0.02282663697946945
7993 0.019993106961876353
8047 0.013838400050897344
8106 0.014691954900067227
8107 0.03769211466204998
8120 0.029839036616337796
8139 0.018082269426395684
8179 0.004232659094848598
8212 0.02624392720155154
8248 0.015425006888993812
8322 0.012551243541503587
8419 0.02462243524329573
8421 0.04879599909005266
8486 0.019878067690221962
8501 0.010389332584074429
8529 0.01407858874931004
8542 0.03688644745762961
8560 0.06733885022472459
8617 0.016806956818546985
8637 0.02215833333498718
8643 0.029366802796369496
8655 0.019878067690221962
8706 0.05929478994434141
8711 0.02587036714367562
8767 0.011110491128581963
8794 0.025343593787803265
8831 0.012207984543726501
8871 0.03286323844906338
8872 0.026149780451102184
8896 0.03688644745762961
8903 0.015667321593182567
8969 0.0264410872029478
9022 0.004750621254322849
9109 0.041980914063801326
9123 0.016179311626804898
9168 0.016519913014165766
9170 0.02462243524329573
9182 0.2874151666295016
9282 0.036520126405689975
9410 0.019544114846891343
9473 0.04038288311032348
9507 0.014585833773701807
9517 0.018350722482415507
9588 0.03841379266543606
9611 0.018350722482415507
9634 0.008230393050846907
9640 0.020599226234729498
9682 0.027397712351482074
9723 0.026149780451102184
9725 0.032142079904555844
9734 0.017027158038557533
9775 0.021066872678129896
9850 0.03491179345336295
9884 0.03034628164072956
9904 0.03952985996289427
9925 0.018630135789842073
9973 0.02085754653458203
10048 0.011110491128581963
10116 0.047339216668389854
10212 0.023976700883929527
10294 0.047902527771583596
10304 0.06069256328145912
10326 0.047902527771583596
10329 0.12540119865470378
10348 0.026159163146938776
10374 0.047953401767859054
10376 0.01695235209680027
10378 0.014276999033939473
10433 0.018822956302383807
10481 0.05229956090220437
10486 0.010621377705630031
10551 0.02282663697946945
10693 0.03148971264804334
10697 0.01442967470682049
10707 0.02774879830899252
10755 0.04637393250888534
10756 0.05372693173600361
10783 0.03148971264804334
10802 0.04038288311032348
10856 0.022737622856868988
10868 0.023374503342915843
10939 0.06636046171998448
10962 0.021264280567239533
10965 0.042251999181203696
10969 0.015484786094658642
11008 0.02774879830899252
11027 0.03286323844906338
11032 0.03026740027429639
11033 0.05549759661798504
11068 0.05623774179197921
11082 0.018260063202844987
11167 0.014909264438878798
11177 0.034583404169411566
11190 0.008937411561409307
11204 0.015076897524503086
11275 0.02227955516224476
11312 0.017575024402003918
11342 0.029839036616337796
11478 0.035638515557249714
11588 0.047902527771583596
11642 0.024015858819177758
11653 0.013337901873321917
11684 0.05479542470296415
11709 0.03286323844906338
11712 0.015190978090988743
11740 0.055890407369526225
11741 0.01274965382613302
11744 0.015854858681655728
11758 0.018170589045871308
11865 0.012871520704878207
11897 0.026675803746643835
11949 0.04038288311032348
11969 0.01702063228070538
11978 0.0528821744058956
11985 0.024854480364851335
12014 0.009407952704973362
12072 0.02418069000621476
12077 0.021847158135109387
12103 0.021847158135109387
12152 0.04315816021850983
12156 0.047902527771583596
12161 0.00833521402039562
12250 0.012396555024749524
12270 0.00448072452925539
12326 0.03089414800417595
12356 0.19717943069438026
12469 0.047902527771583596
12475 0.022003926505384554
12608 0.004072140084166779
12614 0.008681853939723776
12666 0.027063759508151455
12740 0.06745299563090472
12765 0.10236816167044675
12767 0.1529301069457657
12784 0.04753146828017401
12817 0.013381919231072343
12847 0.023567323855457577
12916 0.018630135789842073
12928 0.05976210152062504
12983 0.02022915364773241
12986 0.008839209732815148
13031 0.011110491128581963
13048 0.04315816021850983
13055 0.0396225694773189
13069 0.04315816021850983
13104 0.01902136658701324
13110 0.01463868867372707
13174 0.028059743983517654
13214 0.00848471365705382
13233 0.029366802796369496
13239 0.021848217145714048
13344 0.047902527771583596
13368 0.02587036714367562
13370 0.010703752087236191
13375 0.034583404169411566
13405 0.01741396578191341
13407 0.027397712351482074
