360
t_index tf-idf
70 0.023940516352581286
78 0.02222097837691742
92 0.03287548703025507
105 0.04878575477548769
203 0.06420776908504583
205 0.048728470464674226
211 0.02457916696059924
219 0.018308410164984006
245 0.04094545336768367
259 0.061682857342940656
367 0.046340832533659615
372 0.05923032636306377
398 0.020867648989582384
432 0.10112906423776066
525 0.01567682015197035
526 0.034371691482154784
549 0.043993812254315395
586 0.057234246202465644
589 0.01890855446474579
689 0.019250265562927794
695 0.07607281042245728
731 0.039537417556652084
782 0.014012468268392099
784 0.025059191795094853
818 0.016016331986178522
877 0.03686244617560379
923 0.05056453211888033
995 0.045151810893239844
1029 0.029321053597178872
1074 0.021775343483910213
1081 0.021487985372704393
1092 0.18413337015983092
1178 0.03392302422006432
1196 0.048728470464674226
1231 0.032482915953889746
1236 0.06484471969965153
1239 0.047155674611026266
1273 0.05670536466383345
1404 0.05056453211888033
1433 0.057226462645277344
1447 0.025873699301551676
1477 0.04198994853652897
1495 0.03267744884946904
1501 0.032103884542522915
1507 0.0546826380511536
1508 0.034145068573494156
1562 0.16430055582127548
1572 0.041541281274438506
1607 0.061682857342940656
1615 0.04455756770592724
1680 0.01213504103403414
1731 0.04455756770592724
1735 0.042415898579562496
1747 0.026639538883442164
1786 0.01972306197120261
1867 0.045213321630435926
1873 0.028221054151805727
1915 0.045151810893239844
1916 0.03917703046132966
1917 0.07506710767773132
1930 0.01907808206748855
2010 0.036104163098330755
2064 0.017739346419778243
2075 0.023506039953240267
2086 0.0661543182824047
2125 0.04294627506450614
2128 0.05406460028856647
2131 0.015347482502891339
2146 0.01614640239976823
2268 0.015635109203720278
2275 0.023677775035890133
2281 0.05923032636306377
2297 0.032291766411168495
2323 0.07220832619666151
2339 0.04294627506450614
2437 0.02576852317192884
2471 0.020472726683841834
2485 0.09582792591643481
2554 0.03395511313263376
2561 0.04455756770592724
2571 0.03231026013438962
2582 0.03850053112585559
2602 0.06484471969965153
2652 0.023170416266829807
2684 0.15524219580931006
2841 0.009532154471685372
2898 0.020280462509846105
2901 0.026415228614805334
2927 0.022373631131865537
2934 0.055532220012591595
2973 0.05893325904480202
2988 0.19396832669030442
3056 0.04069541619557654
3190 0.05406460028856647
3195 0.06930111439731484
3232 0.051612069308689584
3322 0.03532801801013197
3399 0.025059191795094853
3438 0.04644634323419229
3456 0.06484471969965153
3457 0.07691937145168903
3523 0.019366571639499293
3548 0.06484471969965153
3553 0.040295705903843224
3560 0.02976369684066276
3631 0.05721453155835172
3634 0.028757298145567024
3685 0.043993812254315395
3687 0.025357603474152425
3729 0.045151810893239844
3747 0.055532220012591595
3766 0.03816177177246709
3826 0.045151810893239844
3865 0.03392302422006432
3876 0.027668662232972024
3881 0.03508102285898877
3891 0.032482915953889746
3892 0.029177380679782896
3968 0.05277006794761404
4036 0.048728470464674226
4085 0.05406460028856647
4121 0.02545890208682816
4131 0.02276480486264732
4143 0.0617432466249373
4196 0.08796316079153661
4225 0.023940516352581286
4264 0.051612069308689584
4283 0.07506710767773132
4286 0.061682857342940656
4291 0.10554013589522808
4311 0.05983059356898296
4366 0.04644634323419229
4375 0.01784064503245398
4404 0.036223955256112494
4520 0.02496149495917511
4562 0.05835476135956579
4563 0.05923032636306377
4576 0.03637555519994121
4605 0.05923032636306377
4609 0.057226462645277344
4623 0.06829013714698831
4654 0.045780028826841276
4683 0.02770976095575778
4753 0.014871271337768185
4778 0.02066841413813563
4807 0.012014592467764174
4856 0.025260971780778588
4931 0.05056453211888033
5085 0.045151810893239844
5103 0.021702796542804687
5106 0.04960820559090316
5139 0.028895549297660632
5217 0.03307715914120235
5269 0.05056453211888033
5371 0.053737045234603965
5374 0.024864658899515557
5458 0.02770976095575778
5479 0.01448960723660553
5524 0.04860180689580743
5584 0.026753434427780606
5623 0.023940516352581286
5761 0.047155674611026266
5794 0.06362384786934375
5819 0.07182154905774386
5836 0.02946662952240101
5885 0.045780028826841276
5892 0.057226462645277344
5964 0.021070562229961568
6121 0.04915833392119848
6175 0.0319191605022779
6196 0.052390809707399934
6274 0.03022491786959215
6342 0.02245076002153097
6381 0.12989945820699383
6497 0.02496149495917511
6502 0.029035561658262547
6509 0.008549974194024462
6515 0.021207949289781248
6519 0.01907808206748855
6566 0.01423011541365264
6578 0.03792954724802294
6640 0.02698482869387348
6698 0.02141730460388836
6727 0.06341712327357853
6742 0.05923032636306377
6771 0.017942885971333627
6803 0.05056453211888033
6957 0.018796971560431152
6960 0.01567682015197035
7002 0.038082050485188736
7137 0.015469830575272741
7139 0.06484471969965153
7206 0.055532220012591595
7337 0.023170416266829807
7338 0.06484471969965153
7344 0.014949220754378914
7363 0.2539689639261162
7364 0.055532220012591595
7368 0.061682857342940656
7389 0.020408264201852246
7471 0.04069541619557654
7495 0.025257229975880886
7603 0.018098053089797717
7762 0.034603085748247664
7794 0.03087162331246865
7811 0.018150266117554652
7864 0.012535872780966888
8045 0.05277006794761404
8106 0.02359157207106973
8107 0.024209609833656855
8179 0.013593164799046934
8202 0.03392302422006432
8218 0.09742060827458987
8261 0.045780028826841276
8275 0.01890855446474579
8288 0.057226462645277344
8312 0.04644634323419229
8316 0.0434575682605541
8322 0.04030825967068215
8466 0.04198994853652897
8494 0.22604236487817947
8501 0.016682646393529527
8503 0.01919257082848737
8522 0.028485906043956573
8529 0.022606660815217963
8578 0.050118383590189705
8617 0.07196728382339258
8842 0.16241478239763338
8844 0.09582792591643481
8896 0.05923032636306377
8942 0.03665381871263673
8948 0.04025467524323848
8976 0.05923032636306377
9022 0.022884896761397024
9049 0.047913962958217406
9052 0.02457916696059924
9088 0.04644634323419229
9110 0.037843174923966334
9121 0.051612069308689584
9123 0.02597989164139877
9153 0.039537417556652084
9160 0.1873693465733983
9229 0.0617432466249373
9279 0.07632354354493417
9309 0.026195404853699967
9328 0.02991529678449148
9360 0.07129397836242723
9440 0.045780028826841276
9596 0.05056453211888033
9634 0.01321593430915023
9685 0.011040810291941339
9698 0.06484471969965153
9719 0.03917703046132966
9863 0.07632354354493417
9905 0.045780028826841276
9908 0.09921641118180632
9909 0.047155674611026266
9913 0.03287548703025507
10042 0.05672566339423738
10054 0.036104163098330755
10116 0.026828765636784248
10169 0.051612069308689584
10201 0.06484471969965153
10225 0.006740838467656955
10304 0.048728470464674226
10371 0.027457636836173808
10374 0.019250265562927794
10376 0.027221199560310633
10391 0.03848988036684284
10450 0.06920617149649533
10457 0.027962434650903575
10458 0.02991529678449148
10486 0.03411050460484025
10540 0.06484471969965153
10599 0.05406460028856647
10627 0.033282601041818745
10633 0.027221199560310633
10652 0.05923032636306377
10654 0.019425189494032585
10674 0.04069541619557654
10697 0.023170416266829807
10756 0.028757298145567024
10837 0.02376465945414241
10839 0.04960820559090316
10857 0.041541281274438506
10864 0.041541281274438506
10875 0.041110213410300044
10921 0.03753355383886566
10996 0.03267744884946904
11003 0.024029511346293258
11048 0.031558773406955475
11082 0.029321053597178872
11103 0.033282601041818745
11131 0.061682857342940656
11190 0.05740491048712238
11195 0.025873699301551676
11200 0.041541281274438506
11204 0.024209692786071636
11293 0.041541281274438506
11302 0.03087162331246865
11304 0.020154129835341074
11313 0.03483945661468482
11342 0.047913962958217406
11345 0.040183007802767186
11400 0.03637555519994121
11446 0.03022491786959215
11462 0.02698482869387348
11483 0.018631692931983617
11507 0.030694965005782678
11520 0.047913962958217406
11530 0.03816177177246709
11559 0.04644634323419229
11574 0.047913962958217406
11594 0.03991002346554268
11642 0.012854469629467648
11673 0.048728470464674226
11714 0.05983059356898296
11741 0.08189090673536734
11779 0.050315529695030885
11797 0.026087120020429594
11897 0.06425191381166509
11928 0.03022491786959215
11943 0.05306713526587579
11969 0.01822056020348931
12000 0.013659035188912266
12014 0.015106797957811518
12034 0.03816177177246709
12047 0.041110213410300044
12063 0.047913962958217406
12086 0.024864658899515557
12121 0.03508102285898877
12161 0.040152751004372
12204 0.031209829125443917
12250 0.019905739112908778
12260 0.06420776908504583
12270 0.007194912888144983
12463 0.04198994853652897
12502 0.04069541619557654
12585 0.03532801801013197
12614 0.027881733142069057
12665 0.05406460028856647
12801 0.05132868797488912
12851 0.026526811519119977
12983 0.09744874786166924
12986 0.01419354026618033
13014 0.020029232790485414
13055 0.042415898579562496
13080 0.042457713669059
13096 0.02066841413813563
13136 0.05406460028856647
13144 0.07116138341055553
13165 0.02946662952240101
13174 0.04505686799242033
13213 0.04294627506450614
13239 0.00877068084069493
13370 0.02578128715829439
13405 0.027962434650903575
13410 0.047155674611026266
13417 0.11786651808960404
13418 0.023506039953240267
