241
t_index tf-idf
108 0.02420279764560624
121 0.053122109393222636
176 0.030828103565788766
213 0.050859261770694955
219 0.016420884173945903
223 0.02616930603609625
224 0.0918745337969018
239 0.03816737207804516
243 0.03394169054554651
438 0.011500273015531018
472 0.09939303350894019
519 0.01871627541400949
521 0.04049683452798306
609 0.037258536492125745
728 0.1540747235137754
729 0.0422941076780612
785 0.027394596960159032
847 0.03687191005081594
877 0.01102069037422678
996 0.044493792237815966
1081 0.038545315049962545
1096 0.013029486605601265
1187 0.04849074994764887
1317 0.01736995330959264
1527 0.03851868087844385
1680 0.010883965427378735
1867 0.040552003747038615
1877 0.03003906571480235
1980 0.037258536492125745
2064 0.015910488691028016
2131 0.06882608327828561
2146 0.028963542027216526
2265 0.03851868087844385
2297 0.08688783207797078
2366 0.027394596960159032
2389 0.032874952340983046
2416 0.04049683452798306
2460 0.030764541395686695
2465 0.04980706377732847
2492 0.02616930603609625
2523 0.0422941076780612
2571 0.04829866297471759
2868 0.04758400052590734
2927 0.020066996645597333
2943 0.06898928295568968
3080 0.0716793176213038
3129 0.05062314611890953
3162 0.027250686219792406
3167 0.04698952067557672
3183 0.037258536492125745
3359 0.03103564198161984
3382 0.13797856591137936
3506 0.053123909723907715
3539 0.08898758447563193
3543 0.0212366883774935
3559 0.025429630885347478
3589 0.05259633366726627
3591 0.03505705160168591
3720 0.034521723168610956
3721 0.013874951116889757
3733 0.03579545502867053
3770 0.05532359428366247
3808 0.03191246056081321
3845 0.030624844598967266
3912 0.032625376715866905
3933 0.02696901818226615
3957 0.05226758367286205
4241 0.009145707069401345
4263 0.017689690872454745
4289 0.11631896181968633
4416 0.017213891306499435
4440 0.047329678863996666
4457 0.02913405345981383
4462 0.04849074994764887
4496 0.12431287723935214
4553 0.016001343810109363
4598 0.03003906571480235
4807 0.010775934640553795
4843 0.09961412755465694
5110 0.033393899032624914
5122 0.06574990468196609
5127 0.019930081796888568
5139 0.02591653037503618
5144 0.04629106538789411
5223 0.0422941076780612
5263 0.018776567410148177
5270 0.08641412242386094
5292 0.06215643861967607
5378 0.06898928295568968
5383 0.037258536492125745
5515 0.035138030756763236
5581 0.044493792237815966
5584 0.02399525922977517
5623 0.021472342084736036
5651 0.09258213077578822
5658 0.020489534640790022
5674 0.028794098715067842
5768 0.05132663657382956
5836 0.026428734446279245
5865 0.04603689956915494
5874 0.015910488691028016
5919 0.020489534640790022
5964 0.037796538174555416
6123 0.06898928295568968
6175 0.02862841900603401
6198 0.044493792237815966
6339 0.01467932693680021
6504 0.03422744129617263
6509 0.015337010113398322
6540 0.021961254379054242
6566 0.025526091548504087
6578 0.01700957910920108
6596 0.08306663649779206
6651 0.03579545502867053
6680 0.011328331843002588
6698 0.019209263668955843
6702 0.08331581122327054
6716 0.04778621174753587
6771 0.016093044105222325
6788 0.04849074994764887
6818 0.02085603449658375
6957 0.016859076786750846
6960 0.02812120174406318
7002 0.011385312988010444
7009 0.11064718856732494
7012 0.06898928295568968
7062 0.034521723168610956
7137 0.013874951116889757
7194 0.05491275424190198
7359 0.017213891306499435
7371 0.06898928295568968
7389 0.018304251413967326
7438 0.03906078026163662
7614 0.09765195065409153
7622 0.02904193346758283
7758 0.011763942213320276
7805 0.035461263342047605
7811 0.016279044163686404
7864 0.02248694595550189
7886 0.05532359428366247
7904 0.06215643861967607
7987 0.136253431098962
8108 0.01561330682541767
8207 0.013874951116889757
8230 0.09465935772799333
8346 0.06898928295568968
8369 0.037258536492125745
8406 0.1691764307122448
8503 0.017213891306499435
8557 0.11177560947637723
8617 0.024205401124293615
8637 0.06382492112162642
8656 0.04629106538789411
8767 0.016001343810109363
8831 0.01758195525759811
8845 0.04840559529121248
8848 0.01542522375333511
8905 0.01512841004304064
8948 0.012034858182156894
9019 0.028465477930338726
9022 0.0889440620211857
9064 0.02013617384625255
9081 0.023691921122764446
9168 0.02379200026295367
9176 0.04980706377732847
9187 0.018776567410148177
9229 0.027688878832597352
9231 0.03505705160168591
9276 0.016139216136419648
9382 0.058159480909843166
9452 0.023111888499700008
9535 0.03649987681815016
9560 0.062495287859250626
9561 0.06215643861967607
9586 0.044493792237815966
9612 0.07077854346029562
9613 0.03238196408603669
9617 0.019400681540493226
9632 0.043704754386829546
9634 0.02370684560651728
9671 0.04980706377732847
9675 0.036141375105301264
9685 0.019805091251148182
9702 0.02616930603609625
9708 0.038977261731481964
9721 0.03394169054554651
9797 0.035461263342047605
9802 0.06626202233929346
9850 0.016760003484084945
9855 0.04980706377732847
10048 0.016001343810109363
10225 0.0785964945780434
10254 0.02579253237985331
10374 0.01726563793786477
10380 0.04156327265459826
10481 0.07532189580360474
10507 0.014639497748722436
10697 0.04156327265459826
10731 0.011500273015531018
11103 0.029851294120591072
11190 0.025743343568073066
11241 0.0422941076780612
11245 0.0206345035863682
11247 0.13797856591137936
11275 0.04278272585931742
11334 0.06898928295568968
11394 0.03313101116964673
11457 0.048196964547756745
11477 0.03482506127562167
11601 0.07027606151352647
11616 0.02554911975002309
11865 0.01853758090205904
11866 0.031023390907536273
11969 0.016342091202333923
12000 0.012250841703008981
12096 0.13415572927977934
12136 0.027108846209532907
12161 0.012004386100276458
12182 0.12714815442673738
12270 0.012906290618704038
12450 0.04106028563218623
12475 0.03169008364349184
12604 0.05532359428366247
12608 0.05864701458791107
12614 0.012503617364069053
12765 0.5602368876708343
12767 0.0629286112644294
12817 0.11563594514988765
12842 0.057925221385313856
12927 0.013372995599759739
12928 0.13771113045199548
12953 0.06215643861967607
12964 0.04869664228899774
12965 0.058159480909843166
13038 0.06898928295568968
13084 0.016710837743070455
13104 0.027394596960159032
13217 0.020205839935773337
13237 0.20696784886706904
13241 0.023592847820098545
13370 0.023123336568637604
