268
t_index tf-idf
75 0.042657352943295986
108 0.05981319509117309
115 0.05406800801219969
122 0.034589057789093436
219 0.02029074413312893
274 0.06531422823902681
297 0.03834971757827815
405 0.010122200767848968
438 0.05684202988034198
521 0.05004060067074391
580 0.1367230758397197
689 0.04266915690792229
696 0.021993163025639362
728 0.0951925231030163
730 0.05147529785447665
732 0.020955868757259986
753 0.04194062579153019
1040 0.05073683858739978
1074 0.04826611585183529
1096 0.01610010618793351
1113 0.05073683858739978
1150 0.027034004006099847
1380 0.06836153791985985
1527 0.0951925231030163
1562 0.022761264557233606
1565 0.04510169206253174
1616 0.05879797757990319
1622 0.12174513223332388
1680 0.013448956542252675
1712 0.0254973744501188
1735 0.02350422940875274
1749 0.08524777798524308
1756 0.031276674697656145
1797 0.02283355466496454
1964 0.05073683858739978
1980 0.046039142760417186
1994 0.13025671161338642
1996 0.057200340340138524
2064 0.019660065295078095
2065 0.03298634625331672
2090 0.04159748063805231
2131 0.22111990559085629
2162 0.05226143173192635
2268 0.017327992845221168
2282 0.057200340340138524
2288 0.06114476665575988
2371 0.03537519166654314
2379 0.07680465795255147
2393 0.07680465795255147
2492 0.03233654700289982
2556 0.07886634666425878
2560 0.0320242004686133
2571 0.047744849888030204
2663 0.03665857202984014
2686 0.11440068068027705
2744 0.05848372070343552
2768 0.06564346037283013
2831 0.03665857202984014
2901 0.029275324302392207
2981 0.03315436060536071
3167 0.029031699233324118
3257 0.042657352943295986
3292 0.04556140123854673
3377 0.03759602272772558
3417 0.042657352943295986
3497 0.04510169206253174
3538 0.08458743710941635
3559 0.0628451097064779
3560 0.13194538501326689
3591 0.02165942030211564
3631 0.07926175799030387
3707 0.12684525862329538
3721 0.01714481875581184
3882 0.028443138016964912
3947 0.04875722030744692
3954 0.10008120134148782
3963 0.04816291476303936
3984 0.032820617881836975
4005 0.07680465795255147
4031 0.03887940309102258
4079 0.05147529785447665
4102 0.04303217782178505
4211 0.034780886122135576
4241 0.02260209622039838
4342 0.03971979473034775
4363 0.03887940309102258
4383 0.0320242004686133
4440 0.05848372070343552
4456 0.05226143173192635
4619 0.030710021486124946
4683 0.030710021486124946
4714 0.07680465795255147
4735 0.054480927978861574
4753 0.016481450815762397
4794 0.19752806439626278
4820 0.05226143173192635
4844 0.06880040731765079
4854 0.03517385076183379
4856 0.013998045443024855
4969 0.1198368357743365
5122 0.04062249263033456
5318 0.025318241112911324
5347 0.03557991661000208
5356 0.06342262931164769
5383 0.046039142760417186
5409 0.015137960403230089
5442 0.03865868648097021
5468 0.0673455455480654
5479 0.016058462224633745
5488 0.026532663805745597
5634 0.06342262931164769
5658 0.025318241112911324
5747 0.05848372070343552
5800 0.08524777798524308
5849 0.06342262931164769
5865 0.028443138016964912
5875 0.05073683858739978
5968 0.06564346037283013
6032 0.034589057789093436
6033 0.04159748063805231
6074 0.08524777798524308
6086 0.061544943403943134
6124 0.1029505957089533
6301 0.04875722030744692
6339 0.03627751877012193
6365 0.11207876316839953
6366 0.05991841788716825
6509 0.00947571838037621
6540 0.02713679657731047
6566 0.1103961183789114
6567 0.042293718554708176
6573 0.03557991661000208
6578 0.04203635003584323
6640 0.029906597545586545
6677 0.07680465795255147
6793 0.03920863522482589
6908 0.016058462224633745
6909 0.03971979473034775
6960 0.034748440051128565
6965 0.06836153791985985
7002 0.02813691032323953
7031 0.07680465795255147
7062 0.042657352943295986
7174 0.032820617881836975
7194 0.06785387645177443
7385 0.04653638924626448
7389 0.022617958817258144
7399 0.12684525862329538
7438 0.024133057925917644
7548 0.06564346037283013
7555 0.06564346037283013
7622 0.03588615782681535
7758 0.029072629575711485
7854 0.024472497025947414
7876 0.03749079993173041
7990 0.032179372597642954
7993 0.03557991661000208
8008 0.033497505758838586
8130 0.07186574934433929
8179 0.030129915859590118
8207 0.06857927502324736
8227 0.14373149868867857
8291 0.03861168138224488
8406 0.05226143173192635
8415 0.04465870333855992
8455 0.05147529785447665
8617 0.029909814578198312
8621 0.05904784330670869
8763 0.056039381584199764
8767 0.019772331964456925
8831 0.021725441316861667
8903 0.027881709273624804
8987 0.07287012794357364
9001 0.07680465795255147
9010 0.026145937756401835
9022 0.11835948847547516
9026 0.026932071633851536
9052 0.027240463989430787
9069 0.035788141294154766
9084 0.0434189038711288
9085 0.04653638924626448
9146 0.061544943403943134
9227 0.04159748063805231
9231 0.02165942030211564
9233 0.033324724884565594
9276 0.01994269624366182
9410 0.034780886122135576
9573 0.05400452127123834
9601 0.05004060067074391
9613 0.04001332332886506
9634 0.014646882996978217
9637 0.04062249263033456
9723 0.04653638924626448
9734 0.060603373379876806
9855 0.061544943403943134
9939 0.03834971757827815
10001 0.029398988789951595
10042 0.020955868757259986
10067 0.026145937756401835
10068 0.023814586258715863
10109 0.03643506397178682
10116 0.06442287981766535
10117 0.04759626155150815
10223 0.029398988789951595
10316 0.059300298361762545
10348 0.023276543388936363
10362 0.023658419409388336
10371 0.015215299376696731
10374 0.021334578453961146
10430 0.05326258937592257
10474 0.0434189038711288
10486 0.018901901228771553
10682 0.11207876316839953
10731 0.014210507470085496
10856 0.020232041140471918
10868 0.04159748063805231
10922 0.042293718554708176
11003 0.1597877681277677
11058 0.15360931590510293
11082 0.03249577603368249
11084 0.021725441316861667
11183 0.0234278602093721
11190 0.06362039850445897
11349 0.042657352943295986
11375 0.029650149180881272
11447 0.04062249263033456
11471 0.06342262931164769
11477 0.0860643556435701
11507 0.03401844701397789
11530 0.042293718554708176
11653 0.09494501025980541
11865 0.02290627635798441
11866 0.019167289665364972
11943 0.03920863522482589
11969 0.010096691130461029
12096 0.13261744242144283
12182 0.09426766455971686
12251 0.07680465795255147
12270 0.00797393848826464
12400 0.03643506397178682
12462 0.10995901855791217
12475 0.07831677904260279
12536 0.07680465795255147
12608 0.007246817860534431
12612 0.05400452127123834
12614 0.015450306937516615
12749 0.03043628305833097
12765 0.2550454478025077
12767 0.03887940309102258
12817 0.0714437587761476
12836 0.0320242004686133
12865 0.021858566657246798
12886 0.06664944976913119
12916 0.03315436060536071
12927 0.016524568904682773
12986 0.0314606775016589
13014 0.0443957759381966
13016 0.013020357480203335
13096 0.02290627635798441
13110 0.026051144691225613
13123 0.026532663805745597
13173 0.0289116899138044
13224 0.1097256641787035
13228 0.03711828120585513
13239 0.03888128771601232
13370 0.04762123858540314
13403 0.06564346037283013
13440 0.061544943403943134
