387
t_index tf-idf
42 0.05014020131573051
58 0.0301629857734585
70 0.017920456732420403
81 0.01785437541297021
92 0.024608648126313793
107 0.017221210767564516
111 0.03335316383390652
219 0.013704594644869734
239 0.015926924441116624
296 0.02310867408551217
302 0.035865563107578914
352 0.022392824522608615
353 0.031781337108956274
380 0.018328494736924165
414 0.020287240168617954
421 0.09234428864163113
426 0.025901826503121575
479 0.03109534993833227
519 0.031240579385818222
521 0.03379797919084943
586 0.02856145115609685
611 0.04596991252959813
673 0.017406096751391757
696 0.014854427331366965
728 0.03214704531755544
731 0.029595375897530647
732 0.014153827226101435
733 0.03784962265167585
748 0.018398512862019534
751 0.02765058649978611
761 0.05974857335330836
819 0.030462185292926578
821 0.060924370585853156
877 0.009197683430776102
920 0.03293116979545351
957 0.022863071368241967
1081 0.016084636875299166
1096 0.01087419108916451
1140 0.020199249169001163
1178 0.02539277260421186
1414 0.030772677991985662
1468 0.027228592461333096
1476 0.02349139797761278
1562 0.015373211663155759
1680 0.027250725246756133
1694 0.01262591740280375
1701 0.016084636875299166
1879 0.04853892775701312
1930 0.014280725578048424
1953 0.027228592461333096
1985 0.014153827226101435
2052 0.03335316383390652
2075 0.017595233357912483
2101 0.014540549699102252
2146 0.012086243309371959
2157 0.032529769209656056
2276 0.044336324463694336
2320 0.032529769209656056
2360 0.017040388542792596
2366 0.022863071368241967
2388 0.15006264884174142
2390 0.08048157562660693
2392 0.05187472165493598
2437 0.07715517873717598
2447 0.02607875977483587
2471 0.045974022531000955
2472 0.028565648702362376
2473 0.040469566986695155
2497 0.03335316383390652
2529 0.04617214432081557
2535 0.021734306759942392
2556 0.026633604589955753
2571 0.03224740353545172
2572 0.041568140441699326
2574 0.03529795323165106
2582 0.01440961197442405
2630 0.025558981894342254
2635 0.03476698965257475
2659 0.019288794684293994
2667 0.03624389262859063
2697 0.032529769209656056
2841 0.007135207915353395
2860 0.05187472165493598
2868 0.019856404560221846
2874 0.013586217350173582
2927 0.016747578988725538
2982 0.0289933436697615
3165 0.044113957412578
3173 0.03784962265167585
3208 0.027869988303063448
3260 0.044336324463694336
3271 0.03476698965257475
3390 0.03335316383390652
3450 0.027025444361149932
3522 0.014854427331366965
3523 0.01449667183488075
3595 0.04853892775701312
3620 0.031431195754651885
3631 0.04282741951581148
3654 0.044336324463694336
3687 0.01898120446543443
3721 0.04631920638623296
3756 0.030462185292926578
3764 0.03950055652496985
3766 0.028565648702362376
3818 0.040469566986695155
3823 0.025901826503121575
3944 0.027025444361149932
3989 0.0371337730887723
3998 0.04617214432081557
4027 0.014900260764896513
4033 0.019057030624685754
4045 0.018540362583594216
4113 0.035865563107578914
4148 0.021526015127212684
4157 0.044336324463694336
4165 0.04853892775701312
4202 0.02389279856341024
4207 0.014070302853468898
4241 0.038164268987942826
4276 0.031431195754651885
4366 0.03476698965257475
4375 0.013354453290565343
4404 0.009038371232043272
4416 0.014366425103389138
4437 0.02682719187553564
4461 0.01269593552789912
4502 0.027869988303063448
4511 0.022863071368241967
4580 0.027228592461333096
4584 0.022392824522608615
4585 0.5433297835304388
4598 0.025070100657865253
4807 0.026980243195926394
4811 0.028095401856729027
4828 0.02216741096894304
4830 0.027811511535230676
4856 0.01890887168636721
4960 0.03873504664748968
4965 0.014323463752290653
4992 0.03379797919084943
5056 0.03784962265167585
5116 0.04617214432081557
5263 0.015670608382125722
5315 0.024913389633219606
5330 0.027869988303063448
5409 0.010224347106996214
5413 0.03109534993833227
5461 0.02987428667665418
5474 0.011457916700001144
5479 0.0108460642924002
5488 0.017920456732420403
5491 0.05187472165493598
5514 0.02389279856341024
5528 0.03784962265167585
5560 0.041568140441699326
5604 0.02644446798343503
5607 0.038633747129573924
5623 0.017920456732420403
5664 0.03426822603648279
5689 0.03529795323165106
5725 0.035865563107578914
5774 0.03335316383390652
5780 0.015670608382125722
5792 0.020287240168617954
5804 0.03379797919084943
5822 0.02046609677874901
5828 0.030772677991985662
5845 0.03426822603648279
5851 0.019527277470319106
5865 0.019210812299099194
5874 0.013278627131314018
5890 0.041568140441699326
5911 0.011248868936574685
5935 0.07173112621515783
5938 0.03426822603648279
5964 0.01577217856159921
6032 0.04672366996866784
6033 0.056190803713458054
6103 0.019527277470319106
6175 0.02389279856341024
6298 0.007670942199138758
6509 0.019200017286695594
6529 0.050459709608879036
6530 0.031781337108956274
6545 0.10810177744459973
6564 0.029800521529793025
6566 0.021303648076096356
6567 0.028565648702362376
6576 0.013625487496525984
6578 0.028391819137401485
6590 0.024636014737960392
6591 0.03293116979545351
6600 0.028095401856729027
6601 0.03335316383390652
6636 0.110284893531445
6685 0.02881125141963258
6698 0.03206345885164396
6702 0.03476698965257475
6704 0.021223143623733544
6916 0.035865563107578914
6960 0.011734741769887943
7001 0.030462185292926578
7002 0.009501991351550946
7025 0.03293116979545351
7046 0.030462185292926578
7072 0.14119181292660424
7093 0.03784962265167585
7110 0.02881125141963258
7137 0.01157980159655824
7174 0.02216741096894304
7194 0.030552842739639957
7330 0.05187472165493598
7359 0.014366425103389138
7477 0.02987428667665418
7495 0.01890607079219338
7505 0.09593216251408813
7523 0.2702544436114993
7526 0.011797544212567635
7545 0.02765058649978611
7558 0.017040388542792596
7583 0.03784962265167585
7603 0.0135471337610393
7604 0.027869988303063448
7614 0.016299736187391434
7622 0.012118955400343048
7742 0.03647525532610607
7758 0.00981798895549272
7811 0.027172434700347164
7847 0.02375681067324864
7854 0.02479349570581801
7864 0.009383614056854792
7876 0.03798255593327853
8075 0.02625958199960779
8093 0.018757831105217677
8107 0.027182826331524558
8108 0.013030604128359161
8151 0.044336324463694336
8218 0.11667730267598035
8431 0.031431195754651885
8448 0.031431195754651885
8456 0.11330866366534906
8540 0.03426822603648279
8545 0.040469566986695155
8562 0.041568140441699326
8617 0.0067338073295559395
8621 0.01994078560802985
8653 0.03781214158438676
8660 0.23623034066540818
8664 0.07617831781263557
8737 0.04853892775701312
8767 0.013354453290565343
8773 0.012251120170956207
8798 0.022863071368241967
8848 0.03862089944851167
8881 0.06059774750700348
8905 0.01262591740280375
8906 0.022742965876913004
8944 0.03335316383390652
8948 0.02008818176266584
8969 0.031781337108956274
9022 0.07994131714874604
9026 0.018190221229289826
9102 0.03647525532610607
9125 0.05215751954967174
9168 0.019856404560221846
9227 0.028095401856729027
9276 0.013469519222753431
9328 0.022392824522608615
9334 0.05187472165493598
9352 0.020835915444610907
9375 0.038633747129573924
9386 0.026633604589955753
9413 0.04617214432081557
9445 0.02417170934253377
9462 0.07173112621515783
9483 0.016747578988725538
9492 0.025901826503121575
9552 0.024031072071044577
9607 0.04751362134649728
9617 0.032382967144792496
9624 0.02336183498433392
9649 0.021629501775237033
9685 0.008264498568606005
9693 0.023234280800744016
9701 0.02446040843933809
9706 0.01861221526774284
9713 0.04853892775701312
9714 0.01977288018758931
9717 0.23237075995556752
9775 0.03798255593327853
9798 0.03784962265167585
9806 0.04617214432081557
9823 0.03426822603648279
9850 0.013987617935971036
10040 0.028095401856729027
10042 0.04246148167830431
10048 0.026708906581130686
10116 0.043511930758357915
10219 0.044336324463694336
10225 0.00504579359612922
10234 0.04596991252959813
10250 0.0371337730887723
10334 0.022056978706289
10348 0.047163710180288684
10371 0.010276582711302126
10380 0.017344005286549453
10451 0.04724606813308163
10480 0.01386512812929711
10486 0.012766554674292946
10524 0.040469566986695155
10545 0.044336324463694336
10602 0.038633747129573924
10654 0.014540549699102252
10687 0.03950055652496985
10700 0.041568140441699326
10731 0.009597935063280686
10788 0.040469566986695155
10864 0.03109534993833227
10922 0.028565648702362376
11037 0.01883161707102018
11046 0.05288893596687006
11082 0.0219480091656657
11086 0.0301629857734585
11115 0.03335316383390652
11117 0.031781337108956274
11138 0.032529769209656056
11195 0.01936752332374484
11202 0.04283635042289271
11204 0.018121946314295315
11213 0.016464833634822627
11245 0.03444242153512903
11313 0.02607875977483587
11386 0.022392824522608615
11406 0.03293116979545351
11421 0.06219069987666454
11446 0.022624588582216852
11483 0.027893170065511584
11507 0.022976438109697583
11642 0.028866290528639718
11741 0.015324674177000317
11779 0.01883161707102018
11869 0.017920456732420403
11929 0.03426822603648279
11953 0.01994078560802985
11969 0.006819417675840679
12014 0.01130805681804724
12015 0.07059590646330212
12039 0.013354453290565343
12043 0.03094230849789255
12061 0.035865563107578914
12096 0.022392824522608615
12100 0.03214704531755544
12121 0.02625958199960779
12161 0.010018659392642484
12172 0.03647525532610607
12182 0.04244628724746709
12224 0.11590124138872177
12226 0.015620289692909111
12240 0.09234428864163113
12270 0.005385686891905074
12279 0.04617214432081557
12486 0.035865563107578914
12547 0.03529795323165106
12608 0.009789163038301218
12614 0.010435309436077964
12647 0.044336324463694336
12656 0.027869988303063448
12749 0.12334202799292426
12760 0.059190751795061294
12815 0.027869988303063448
12817 0.016084636875299166
12837 0.02682719187553564
12865 0.014763519444628597
12986 0.03187333812779606
13003 0.035865563107578914
13016 0.017588189001520677
13140 0.016191483572396248
13169 0.03476698965257475
13173 0.019527277470319106
13174 0.0168634552710783
13193 0.019210812299099194
13239 0.059086923516725176
13261 0.026633604589955753
13267 0.027025444361149932
13370 0.019298349050709002
13387 0.015570276894270521
