320
t_index tf-idf
27 0.021760423187353908
51 0.030046382698759158
63 0.04832531675827985
70 0.020216749081043296
105 0.02059874875921383
107 0.03885580620607201
165 0.041892022294830876
212 0.04046130636193409
352 0.05052439470143647
367 0.019566432272013864
405 0.030850727174590347
408 0.0239426358244394
438 0.021655591458163176
476 0.0913105166240911
588 0.022689325991657787
611 0.02593020369863281
652 0.029624433583699667
654 0.03812878627761619
673 0.019636480015971212
688 0.05001749454502699
695 0.04282683791640586
702 0.04456208074106517
742 0.038659289636223254
748 0.04151212478004277
753 0.03195695366801757
755 0.08378404458966175
782 0.011832934211446952
831 0.05966602099326975
875 0.1933012670331194
877 0.010376256633597262
1033 0.04832531675827985
1046 0.03585373561542248
1307 0.026650043544492276
1349 0.02828253442445075
1454 0.041892022294830876
1477 0.035458727831381896
1711 0.029624433583699667
1724 0.026650043544492276
1756 0.02383148141782145
1797 0.13918549563497978
1867 0.01909036474111961
1897 0.02776195226616733
1913 0.018828902887269256
1930 0.016110629880561517
1969 0.041892022294830876
2032 0.02680096202447904
2042 0.05475861122172883
2055 0.04565525831204555
2064 0.014980124494753952
2090 0.03169549181416721
2108 0.0661666760158825
2131 0.012960297021881163
2146 0.01363495093715779
2227 0.030046382698759158
2268 0.013203185552522234
2280 0.048110275179988046
2285 0.1367252491962621
2337 0.03922196384859658
2347 0.04689460082538307
2360 0.01922391067130984
2388 0.021161422971587157
2422 0.03402801189848511
2450 0.05852184723894351
2456 0.04358420008157801
2471 0.017288348015408773
2480 0.04058380314555868
2554 0.009557883549253242
2563 0.05208855277549453
2571 0.009094880721035656
2585 0.05208855277549453
2659 0.021760423187353908
2667 0.020444057144673167
2693 0.05475861122172883
2707 0.04456208074106517
2868 0.04480153096984934
2898 0.017125989087735664
2950 0.05208855277549453
2956 0.032225995172774274
3001 0.0411491233513487
3006 0.016757844656801708
3060 0.03308333800794125
3064 0.08716840016315602
3128 0.021585299463253924
3167 0.02212090663393296
3320 0.02846275915555959
3337 0.03922196384859658
3438 0.03922196384859658
3522 0.016757844656801708
3577 0.0327886693851476
3737 0.028646552924212507
3834 0.025007899744247147
3837 0.09667798551832281
3896 0.019778181730534226
3957 0.016403747357363593
3969 0.03195695366801757
3984 0.025007899744247147
4027 0.016809551097046238
4070 0.05208855277549453
4074 0.01686154721073593
4103 0.024760384222125332
4207 0.031746487997513055
4241 0.00861091278544074
4375 0.015065666870054574
4404 0.01019653048066366
4436 0.022689325991657787
4439 0.013063614771734853
4520 0.042157844287511334
4553 0.060262667480218295
4622 0.04046130636193409
4715 0.014811369263583484
4828 0.025007899744247147
4896 0.029025433367932917
4913 0.02249595895550423
4960 0.04369847992200354
5103 0.018327089758676352
5134 0.05001749454502699
5135 0.022306538462205504
5207 0.015596170228661634
5235 0.03026477588127043
5252 0.04456208074106517
5339 0.03471582888789972
5370 0.03338766960091435
5442 0.029456257016276355
5488 0.04043349816208659
5507 0.024639058546523405
5515 0.0661666760158825
5541 0.025262197350718236
5601 0.035458727831381896
5623 0.020216749081043296
5658 0.03858282240339863
5661 0.03308333800794125
5702 0.01223585780152728
5780 0.08839304777193036
5792 0.045773615054555176
5833 0.025262197350718236
5850 0.05001749454502699
5851 0.02202946469211061
5874 0.014980124494753952
5911 0.01269027704661393
5919 0.019291411201699315
6161 0.026501539864055745
6266 0.026650043544492276
6303 0.020916088458056977
6507 0.05852184723894351
6509 0.021660270027302586
6515 0.017909212274311245
6540 0.020677072279037367
6550 0.12631098675359118
6564 0.033619102194092476
6566 0.01201672798009987
6585 0.020677072279037367
6596 0.05213954895884038
6597 0.05001749454502699
6615 0.05852184723894351
6908 0.04894343120610912
6926 0.05475861122172883
6931 0.05852184723894351
7003 0.10951722244345766
7051 0.05475861122172883
7061 0.0474432849577155
7062 0.03250306894286917
7115 0.06052955176254086
7122 0.024760384222125332
7135 0.03715090561812903
7170 0.022306538462205504
7184 0.022987146688524526
7213 0.0784380608524199
7258 0.05852184723894351
7569 0.14640638349809088
7595 0.03144119420769612
7770 0.02149896133350355
7793 0.033619102194092476
7811 0.01532712872390493
7876 0.014283188838793827
7908 0.01596747102147569
8047 0.018764672305532422
8066 0.03169549181416721
8090 0.02593020369863281
8106 0.03984416091649929
8107 0.010221993547441327
8108 0.0073501601541453385
8179 0.017218275365015592
8207 0.013063614771734853
8214 0.03585373561542248
8222 0.05001749454502699
8223 0.05852184723894351
8248 0.020916088458056977
8485 0.161620077320375
8563 0.0411491233513487
8606 0.04269959942353283
8612 0.03436555026040151
8617 0.015193328515498797
8714 0.03338766960091435
8790 0.05852184723894351
8831 0.016553852225075546
8836 0.04689460082538307
8878 0.5798182482773697
8948 0.01133112108285405
9010 0.019922080458249645
9022 0.019325323178372458
9025 0.029790726678538746
9026 0.020521080674016395
9066 0.05208855277549453
9077 0.026501539864055745
9085 0.035458727831381896
9148 0.04689460082538307
9151 0.02680096202447904
9160 0.019778181730534226
9168 0.02240076548492467
9187 0.017678609554386073
9189 0.03436555026040151
9233 0.22852806846184545
9276 0.030390954252416114
9345 0.04832531675827985
9352 0.023505788982234262
9399 0.027932255796952528
9456 0.022213258460763528
9477 0.04565525831204555
9481 0.04689460082538307
9482 0.019778181730534226
9495 0.09146529616032899
9612 0.044426516921527055
9617 0.05479868602468779
9634 0.01116029511914991
9637 0.030952592870685046
9688 0.02552365920456859
9701 0.027594717435036137
9702 0.024639058546523405
9727 0.027594717435036137
9775 0.014283188838793827
9929 0.0411491233513487
9989 0.05852184723894351
10067 0.03984416091649929
10068 0.1088741451034545
10069 0.05852184723894351
10116 0.03775958818410524
10135 0.04046130636193409
10212 0.032512063056417614
10225 0.005692351739179237
10254 0.024284316691231076
10277 0.03982096406436333
10278 0.05001749454502699
10279 0.041892022294830876
10361 0.07216541276998206
10371 0.01159340396213897
10376 0.022987146688524526
10445 0.045378651983315574
10480 0.015641778585888503
10486 0.01440243607255099
10503 0.05208855277549453
10615 0.09378920165076614
10654 0.016403747357363593
10731 0.021655591458163176
10922 0.032225995172774274
11002 0.022886807527277588
11013 0.03370231946289792
11014 0.05001749454502699
11017 0.03762697314902329
11060 0.07820932343826058
11083 0.03669807034471941
11119 0.05475861122172883
11190 0.018178503142635437
11204 0.020444057144673167
11245 0.019427903103036007
11275 0.010070252586881644
11431 0.04832531675827985
11457 0.045378651983315574
11462 0.02278754153271035
11533 0.038659289636223254
11616 0.07216541276998206
11642 0.010855053551959794
11712 0.04119749751842766
11717 0.035458727831381896
11721 0.06052955176254086
11741 0.017288348015408773
11782 0.03982096406436333
11801 0.03507984738766149
11803 0.03762697314902329
11832 0.05001749454502699
11895 0.019427903103036007
11943 0.029875294314731005
11969 0.023079733640139485
12000 0.011534474989450523
12039 0.015065666870054574
12056 0.02635537492169862
12119 0.03436555026040151
12163 0.12027568794997011
12270 0.0060757982984735535
12329 0.04832531675827985
12391 0.04046130636193409
12400 0.02776195226616733
12409 0.03669807034471941
12437 0.05208855277549453
12475 0.009945669749632324
12477 0.052422952387966404
12599 0.05852184723894351
12603 0.022987146688524526
12608 0.0055217636417916605
12664 0.03669807034471941
12721 0.035458727831381896
12772 0.03585373561542248
12817 0.036291381701151496
12836 0.024401063916348477
12865 0.016655288010890307
12928 0.016207310775811428
12947 0.02141341895820293
12964 0.01528303703994216
13014 0.016913836261822683
13016 0.019841905211624787
13044 0.041892022294830876
13123 0.020216749081043296
13161 0.031193678685574308
13165 0.024883316906997827
13224 0.02786874619516217
13232 0.05001749454502699
13239 0.03703233698364343
13260 0.08539919884706566
13267 0.030488432053442996
13370 0.007257067277211054
13387 0.017565421785503667
