269
t_index tf-idf
30 0.052174654089440435
81 0.06887673138969337
108 0.05194835914099832
124 0.039536772577358645
128 0.059372680524400416
136 0.13601958256986493
141 0.035555841356581415
306 0.03037681864858602
405 0.008791232770360842
438 0.024683936195235363
571 0.02597417957049916
616 0.030548841755776244
652 0.03376715107563516
678 0.022066649598282757
696 0.01910128241370346
745 0.12125196077580878
771 0.0907791540209336
782 0.10790133112440926
786 0.030040943200537032
906 0.036732518260214446
940 0.06241612325150046
1010 0.06849621215533426
1096 0.013983103513933615
1155 0.03583796975594601
1241 0.03145359690627242
1307 0.03037681864858602
1311 0.07097584760352728
1338 0.015416480415314989
1342 0.03126634975271562
1359 0.03957053340653987
1473 0.08577755137509452
1503 0.05079369731666882
1743 0.23502762829102303
1786 0.03796876823875543
1873 0.027164105302406618
1880 0.036127828654737126
1913 0.021461959992805434
1934 0.04041732025860292
1985 0.05460114585022835
2084 0.06950394432346654
2101 0.018697667709246114
2146 0.015541679367574975
2171 0.0364258536581363
2215 0.06290719381254484
2229 0.19678138194374806
2275 0.3190737664576729
2322 0.024904664744608177
2354 0.16653556950732504
2355 0.1131292589386556
2421 0.02246292019415329
2437 0.02480342772330465
2554 0.04357787930143524
2571 0.010366720108062204
2652 0.13381575840231064
2667 0.023302979422463743
2680 0.047750254589568775
2841 0.00917515151754527
2868 0.02553331628104196
2896 0.05001375983305812
2898 0.03904181723585402
2915 0.05203974619343457
2931 0.062461802164551015
2960 0.0453895770104668
3055 0.01664698309090775
3071 0.03805664267950096
3128 0.024603814480678277
3214 0.059372680524400416
3350 0.048815795985740984
3589 0.02822290702561557
3680 0.023568579681883205
3728 0.047750254589568775
3757 0.022066649598282757
3775 0.03400489564246623
3845 0.032866250612007805
3876 0.03994860275754877
3892 0.056169230034471544
3957 0.03739533541849223
3976 0.01688260949014852
4045 0.047682040358953924
4046 0.04470681186246873
4143 0.029715404038600433
4212 0.0518126404491373
4225 0.023043884317620174
4241 0.029445220490401353
4314 0.08638468297131384
4345 0.047750254589568775
4362 0.03400489564246623
4363 0.03376715107563516
4375 0.03434493677787927
4457 0.03126634975271562
4461 0.03265136307375316
4553 0.017172468388939634
4708 0.049679068614332605
4712 0.028084615017235772
4715 0.03376521898029704
4815 0.07403854918633211
4852 0.022223381175957648
4914 0.03841529356798151
4998 0.19468305721759172
5010 0.07826198113416066
5068 0.024505402719905478
5127 0.02138874732694785
5135 0.025425912434734632
5164 0.04611946556820411
5263 0.020150808215235766
5354 0.06241612325150046
5394 0.02168468796663336
5456 0.05079369731666882
5463 0.0453895770104668
5488 0.023043884317620174
5702 0.013946935314621522
5735 0.027813338923142663
5780 0.020150808215235766
5792 0.052174654089440435
5811 0.03805664267950096
5816 0.07403854918633211
5829 0.04470681186246873
5833 0.08638468297131384
5911 0.13018410998899718
5939 0.06670561485536626
5964 0.02028141713334847
5992 0.047750254589568775
6122 0.07541950595910372
6164 0.05079369731666882
6298 0.009864051306477469
6303 0.023841020179476962
6311 0.04406545259118029
6342 0.02160992307599206
6492 0.08941362372493745
6509 0.01645951268085278
6552 0.06670561485536626
6585 0.04713715936376641
6590 0.015839704370974143
6640 0.02597417957049916
6711 0.17384305194281188
6721 0.047750254589568775
6818 0.02238246970763459
6908 0.05578774125848609
7002 0.012218594244645317
7137 0.0148904468449918
7175 0.08773542145703694
7178 0.049679068614332605
7213 0.017881387290664616
7314 0.01952090861792701
7460 0.05701200294529845
7477 0.03841529356798151
7526 0.01517044169831822
7541 0.0364258536581363
7558 0.02191220615471313
7746 0.05079369731666882
7766 0.09734152860879586
7770 0.07351620815971643
7775 0.11555660093957781
7796 0.047682040358953924
7826 0.035555841356581415
7854 0.02125460883076186
7917 0.07403854918633211
7960 0.03400489564246623
8093 0.024120662575306574
8094 0.02836303076943314
8107 0.0815601485188831
8108 0.11729221917963874
8179 0.026168133763398174
8212 0.02028141713334847
8239 0.06738876058245988
8275 0.05460114585022835
8291 0.06706926417908955
8305 0.05203974619343457
8365 0.07403854918633211
8368 0.03841529356798151
8387 0.04470681186246873
8407 0.037373877531502876
8501 0.016057839686603417
8632 0.11635959371171478
8650 0.029715404038600433
8767 0.017172468388939634
8773 0.015753694238720868
8888 0.01964392381788397
8903 0.04843108764222873
8948 0.012915679092395448
8973 0.07346503652042889
9010 0.022708008869571188
9157 0.05358573526629973
9168 0.02553331628104196
9198 0.022874613698540817
9210 0.06616877185527416
9264 0.13341122971073252
9276 0.03464086294425252
9352 0.026792867633149864
9386 0.03424810607766713
9456 0.02531958804233309
9495 0.1390078886469331
9552 0.030901514012849053
9558 0.036127828654737126
9565 0.06964772227443118
9580 0.06225504205880978
9676 0.05079369731666882
9685 0.01062730441538093
9702 0.056169230034471544
9732 0.0581979222513079
9746 0.021316037844899462
9763 0.02597417957049916
9788 0.04041732025860292
9790 0.16221513328174325
9792 0.08941362372493745
9916 0.026317318450343564
9999 0.04470681186246873
10116 0.06025591008279129
10119 0.031593223791871565
10186 0.036127828654737126
10212 0.018529295115547753
10362 0.02054757426540891
10371 0.10571711947554449
10436 0.13724768219124492
10480 0.03565828856163872
10486 0.016416490575083976
10604 0.07345424128546307
10636 0.059372680524400416
10681 0.020820600721517004
10702 0.03475197216173327
10731 0.012341968097617681
10786 0.09935813722866521
10790 0.05203974619343457
10856 0.017571730413642333
11033 0.04288877568754726
11039 0.03164421806336427
11144 0.05911263101384699
11167 0.04608776863524035
11232 0.05203974619343457
11245 0.02214472514080351
11304 0.07759722966841054
11464 0.06787704042850645
11480 0.04133782997343208
11483 0.017933889572091848
11616 0.02741903783076743
11798 0.05348743284245808
11895 0.02214472514080351
11901 0.024904664744608177
11928 0.02909291932717045
11935 0.04288877568754726
12000 0.013147470261210974
12039 0.017172468388939634
12083 0.025425912434734632
12098 0.03376715107563516
12270 0.01385089091880768
12313 0.03770975297955186
12608 0.006293933909977661
12614 0.013418746355304082
12725 0.04041732025860292
12749 0.02643421674466931
12769 0.06109768351155249
12773 0.049679068614332605
12880 0.0364258536581363
12886 0.08682857222087371
12947 0.048815795985740984
12952 0.04470681186246873
12958 0.028084615017235772
12968 0.0762777373042039
13016 0.011308310908567468
13021 0.046903467737505714
13084 0.035867779144183695
13133 0.04307136571114307
13173 0.0251100923253828
13224 0.015882973093844552
13239 0.025326590918489093
13241 0.02531958804233309
13377 0.032115679373206835
13379 0.022708008869571188
13387 0.02002179212853262
