264
t_index tf-idf
99 0.15710057154308743
107 0.06102134281482394
114 0.027294293113311694
139 0.021898534243509873
225 0.0833827746446664
275 0.05453519471082794
367 0.020485483602310988
405 0.008074952766917904
458 0.06975040205502792
519 0.018449555513892373
588 0.04751012438935088
639 0.10473371436205829
652 0.031015917463637254
663 0.04779972314362139
666 0.14250534181700633
667 0.06800613784524105
692 0.03265887129168079
732 0.016717476197675222
748 0.021730991620148007
785 0.02700420496157297
877 0.01086363789605929
1029 0.025923399724474244
1072 0.018935518344430843
1096 0.012843807388494744
1137 0.03597972826915322
1217 0.05059519641933855
1417 0.05453519471082794
1562 0.018157724829838736
1580 0.10907038942165588
1622 0.0242804458964307
1635 0.031234291404801086
1701 0.018998008794058732
1797 0.054646182085047255
1897 0.029065953875002284
1907 0.023354294821822302
1983 0.06127066627803449
1985 0.016717476197675222
2108 0.03463728945827064
2131 0.1085524222022108
2289 0.02554720184999012
2301 0.038895914046616034
2303 0.025923399724474244
2422 0.03562633545425158
2460 0.01516306267630332
2480 0.042490057579219066
2535 0.05134197982327479
2554 0.010006825158466808
2558 0.0742485065698509
2560 0.02554720184999012
2582 0.034039181254937774
2637 0.038895914046616034
2778 0.06127066627803449
2794 0.039919726560642604
2817 0.03562633545425158
2841 0.016855182218193536
2891 0.02554720184999012
2898 0.017930410805242644
2982 0.034244838865661445
3036 0.0416913873223332
3281 0.03265887129168079
3347 0.03345799792445278
3368 0.057330667986545104
3415 0.04308193133753989
3422 0.03038878171771889
3450 0.09576149594491641
3522 0.01754497432922415
3523 0.017122419432830722
3583 0.03291801282035877
3650 0.045631385613822587
3709 0.029992104949610677
3721 0.013677223444360601
3763 0.06127066627803449
3768 0.06800613784524105
3836 0.30357117851603127
3876 0.012231241768471266
3881 0.031015917463637254
3933 0.026584690976306863
3999 0.038895914046616034
4115 0.06800613784524105
4131 0.04025374696363857
4136 0.02164829127903256
4143 0.027294293113311694
4198 0.047923639199149395
4207 0.0332376465092315
4211 0.0277463388712728
4213 0.06291537174762006
4332 0.0416913873223332
4439 0.054708893777442404
4511 0.02700420496157297
4520 0.022069016360633263
4553 0.015773313567533562
4598 0.059221976406253575
4637 0.02631475052290785
4761 0.039919726560642604
4828 0.05236508250630445
4831 0.06800613784524105
4852 0.020412695011567155
4854 0.028059825135515935
4864 0.05134197982327479
4896 0.03038878171771889
4913 0.02355261255064826
4965 0.03383567716661158
5003 0.03192049864830547
5085 0.039919726560642604
5207 0.016328735102877027
5270 0.012168951610119947
5402 0.036346459770333336
5409 0.012076258715577017
5479 0.03843175815632697
5499 0.06800613784524105
5549 0.06127066627803449
5550 0.052366857181029146
5595 0.046655198127849164
5608 0.052366857181029146
5702 0.03843175815632697
5726 0.047306620301024685
5776 0.03080234334051523
5805 0.034955915755126646
5823 0.04308193133753989
5887 0.02148497262071354
5911 0.026572699481757514
5964 0.018628955651145418
5971 0.04909727858866469
6017 0.02889086388704503
6161 0.0832390166138184
6166 0.03712425328492545
6190 0.043859724852132
6194 0.06127066627803449
6252 0.06127066627803449
6540 0.06494487383709768
6550 0.026448783426229507
6585 0.02164829127903256
6596 0.027294293113311694
6612 0.046655198127849164
6613 0.05453519471082794
6614 0.06800613784524105
6636 0.026052106658121292
6727 0.018689499344996377
6749 0.023256633382404125
6771 0.01586370706986793
6818 0.02055882154610514
6844 0.05059519641933855
6908 0.01281058605210899
6944 0.042361807021458135
6994 0.09819455717732938
7158 0.043859724852132
7170 0.023354294821822302
7176 0.057330667986545104
7222 0.015728430201694277
7280 0.031015917463637254
7323 0.07593952594401528
7353 0.040475148095986076
7359 0.01696858142147499
7388 0.08616386267507978
7456 0.06127066627803449
7472 0.040475148095986076
7526 0.05573762104455043
7731 0.018568786843250727
7758 0.011596297881170102
7796 0.043797068487019745
7837 0.052366857181029146
7864 0.01108324569303432
8074 0.052366857181029146
8107 0.010702128946550427
8108 0.00769540318944443
8179 0.012018021229641306
8215 0.026052106658121292
8275 0.050152428593025676
8291 0.03080234334051523
8367 0.052366857181029146
8485 0.19338457664770825
8500 0.041064251576414836
8503 0.01696858142147499
8568 0.03080234334051523
8617 0.007953485792449479
8653 0.02233048230779573
8675 0.036346459770333336
8773 0.014470136351186191
8792 0.041064251576414836
8793 0.06927457891654128
8794 0.07195945653830645
8845 0.02385789100003727
8848 0.01520540362097618
8939 0.06127066627803449
8948 0.02372670621926475
8993 0.040475148095986076
9010 0.02085783687479518
9022 0.020233049417299965
9025 0.015595010740589178
9026 0.02148497262071354
9064 0.11909531645460188
9079 0.03432878000920828
9094 0.03402976468051825
9151 0.05611965027103187
9187 0.018508988307287335
9378 0.03240646147884395
9482 0.04141435821224287
9483 0.019781028031513034
9560 0.03080234334051523
9633 0.06127066627803449
9694 0.04296994524142708
9788 0.03712425328492545
9831 0.057330667986545104
9857 0.09559944628724278
9918 0.10907038942165588
9953 0.028383762846239113
9990 0.21814077884331176
10116 0.03162654954452313
10234 0.027148166578773707
10253 0.5236685718102914
10362 0.018873427197526525
10376 0.024066871773308674
10429 0.05676752569247823
10445 0.19004049755740351
10477 0.017174244789959218
10492 0.020707179106121434
10654 0.017174244789959218
10722 0.052366857181029146
10759 0.01938163353679556
10776 0.057330667986545104
10859 0.06800613784524105
10870 0.03842180872996875
11084 0.034662800412204244
11190 0.006344120768772944
11345 0.017763348270387978
11394 0.03265887129168079
11415 0.03240646147884395
11507 0.01356905277527635
11527 0.029610988203126788
11538 0.03345799792445278
11616 0.025185027081098925
11705 0.06127066627803449
11740 0.026448783426229507
11776 0.046655198127849164
11779 0.022242542961662833
11866 0.015290643039729636
11904 0.012200046777224293
11968 0.0416913873223332
12086 0.021983401432984852
12161 0.023666630552088345
12163 0.05037005416219785
12265 0.031686337162762195
12270 0.03180591757454779
12303 0.052366857181029146
12603 0.024066871773308674
12608 0.01156225079434143
12614 0.012325432148224725
12643 0.03402976468051825
12793 0.057330667986545104
12802 0.03432878000920828
12916 0.026448783426229507
12964 0.01600089379212222
12986 0.012548826617233668
13016 0.010386947865624168
13021 0.04308193133753989
13031 0.015773313567533562
13096 0.03654681504524219
13098 0.03939434285888735
13193 0.0680712627513097
13195 0.03192049864830547
13214 0.012045556537024604
13239 0.015508710458549037
13267 0.03192049864830547
13370 0.0303917506557006
