336
t_index tf-idf
19 0.05292860693444901
58 0.02772767819963564
114 0.04248583899987513
122 0.02147564062336948
139 0.017043445608585086
223 0.04015420522116356
405 0.0062846680396267725
414 0.018649283303019043
438 0.00882301430018982
521 0.031069188502766788
525 0.010787298909830961
526 0.02365133403714484
571 0.03713679309063329
589 0.01301107156851546
673 0.016000758448090974
675 0.21171442773779603
695 0.017448694675384804
732 0.02602214313703092
739 0.05545535639927128
782 0.009642049995494067
791 0.034135656140838015
792 0.05292860693444901
1059 0.017043445608585086
1060 0.02604007927912194
1079 0.036311349554613376
1096 0.009996227610431518
1140 0.018568396545316643
1193 0.022760559812848975
1241 0.022485517147789055
1307 0.04343150188218054
1441 0.05292860693444901
1447 0.01780382281376384
1449 0.044619978244531185
1467 0.03244805722032431
1477 0.028893495088991427
1503 0.07262269910922675
1520 0.01697796606748714
1562 0.04239601501247463
1597 0.03720212377890924
1616 0.036506465240724095
1677 0.026717801675216066
1680 0.01670036571807423
1733 0.03244805722032431
1746 0.02222012711933373
1809 0.042444284830755824
1830 0.02397320558094538
1881 0.022485517147789055
1897 0.06786536465248527
1907 0.018176451861866335
1930 0.026255448731727474
1934 0.028893495088991427
1987 0.02397320558094538
2032 0.02183872665474451
2156 0.024309387138008794
2258 0.028893495088991427
2289 0.01988317301697465
2348 0.01773145058920413
2360 0.03132915378205513
2395 0.14446747544495714
2440 0.02720589616847772
2460 0.0118012845567385
2467 0.02381055759716323
2480 0.01653482779267966
2482 0.028002720864695563
2527 0.08668048526697428
2554 0.007788228125519245
2569 0.02604007927912194
2571 0.00741095091447801
2652 0.015943680141287334
2657 0.039959032455078404
2659 0.10638870353522478
2663 0.022760559812848975
2730 0.04609196773122086
2804 0.01787689429769746
2806 0.03066028677240752
2874 0.01248928953735754
2878 0.021358384945096728
2885 0.02365133403714484
2886 0.01969409217477775
2891 0.01988317301697465
2993 0.01848836574820064
3023 0.02397320558094538
3038 0.026259307375329694
3049 0.03395593213497428
3167 0.018025190024609828
3216 0.02027613619611743
3240 0.026717801675216066
3372 0.02604007927912194
3443 0.02319283973725847
3446 0.02955154818985538
3640 0.03479370924170196
3672 0.042444284830755824
3709 0.07002781150256597
3721 0.010644868339510496
3830 0.21262502143266343
3831 0.08318303459890693
3847 0.02159474292349319
3874 0.02171575094109027
3876 0.009519472924000686
3880 0.019329547402969403
3907 0.0256198133997378
3919 0.028002720864695563
3969 0.02604007927912194
3975 0.033530305969303606
4027 0.027394478695358642
4033 0.017518398761002384
4131 0.015664576891027564
4263 0.027143076572673668
4375 0.012276237709155799
4439 0.010644868339510496
4447 0.03479370924170196
4461 0.01167088753762139
4584 0.020584866399073615
4680 0.03150146842717628
4735 0.016913048589467978
4790 0.042444284830755824
4852 0.03177405878271417
4854 0.02183872665474451
4967 0.04367745330948902
4983 0.25724454213712505
5103 0.014933803616867755
5127 0.04587110144092032
5143 0.12733285449226747
5230 0.019329547402969403
5263 0.028810780847460773
5371 0.01848836574820064
5458 0.019067226086162205
5461 0.027462288171180318
5479 0.009970371722843839
5507 0.04015420522116356
5591 0.02955154818985538
5693 0.040756685910242126
5697 0.04762111519432646
5702 0.019940743445687678
5714 0.024661210561564416
5715 0.02720589616847772
5744 0.02604007927912194
5780 0.014405390423730386
5801 0.34780839075636466
5819 0.032947179778487365
5854 0.023495393672208632
5856 0.03244805722032431
5911 0.02068130922620246
5919 0.015719579604395822
5957 0.026259307375329694
6103 0.01795067868541188
6175 0.021963735116631137
6196 0.09012595012304915
6249 0.01605827081462746
6254 0.038212000303328816
6299 0.029903371613411004
6342 0.015448481054029229
6497 0.017176130411052634
6498 0.026957911992936855
6502 0.039959032455078404
6509 0.017649840925940102
6519 0.026255448731727474
6545 0.04968691296519495
6564 0.027394478695358642
6578 0.013049756255178912
6590 0.011323472648001754
6600 0.025827027450920203
6626 0.037298566606038086
6770 0.03720212377890924
6771 0.012346590214180735
6774 0.04295128124673896
6775 0.047686445882602416
6814 0.01988317301697465
6828 0.0393778171926846
6833 0.025827027450920203
6853 0.05292860693444901
6893 0.042444284830755824
6952 0.06132057354481504
6987 0.019067226086162205
7001 0.028002720864695563
7002 0.008734816918667274
7135 0.03027236380654895
7136 0.03150146842717628
7222 0.012241305361816673
7264 0.03244805722032431
7271 0.05251861475065939
7290 0.031069188502766788
7314 0.01395508840457254
7376 0.05292860693444901
7513 0.03244805722032431
7526 0.02169006158268938
7558 0.015664576891027564
7594 0.02541812572056093
7662 0.03150146842717628
7715 0.05292860693444901
7731 0.014451931122931161
7758 0.009025301419762762
7793 0.013697239347679321
7811 0.01248928953735754
7854 0.015194474347648881
7876 0.011638636572956352
7960 0.024309387138008794
8008 0.04159583645455071
8033 0.03720212377890924
8047 0.06116146858789376
8051 0.03720212377890924
8104 0.06706061193860721
8106 0.01623347957152289
8107 0.04164688617245123
8108 0.035935606713303044
8137 0.033530305969303606
8154 0.08923995648906237
8179 0.0093535251662297
8190 0.03027236380654895
8207 0.021289736679020992
8275 0.01301107156851546
8305 0.03720212377890924
8368 0.027462288171180318
8376 0.047686445882602416
8500 0.031959962727062655
8529 0.031111514350857527
8568 0.04794641116189076
8767 0.024552475418311598
8773 0.01126198580726212
8842 0.012417603315769224
8845 0.018568396545316643
8848 0.011834238158998972
8880 0.07095400211143452
8903 0.034622369419639976
8978 0.044619978244531185
8987 0.022621788217495088
9019 0.02183872665474451
9064 0.40166050740475995
9077 0.02159474292349319
9081 0.03635290372373267
9084 0.026957911992936855
9109 0.02319283973725847
9125 0.02397320558094538
9160 0.03223244778650028
9276 0.024764026831916006
9282 0.020175964668714345
9294 0.02171575094109027
9352 0.019153659481262502
9393 0.03720212377890924
9408 0.03244805722032431
9435 0.03066028677240752
9437 0.014222039874089064
9483 0.030790816553113137
9634 0.027281852898129143
9685 0.0379861858691222
9688 0.04159583645455071
9731 0.023342603834188656
9732 0.013868158254915062
9746 0.015238388662278106
9802 0.02541812572056093
9871 0.07642400060665763
9912 0.03066028677240752
9999 0.031959962727062655
10116 0.030768347949421196
10132 0.1181334515780538
10225 0.023192024514092288
10246 0.05292860693444901
10254 0.019788041702855773
10371 0.018893738209541485
10430 0.01653482779267966
10445 0.03697673149640128
10477 0.026733141468858492
10485 0.05044335455877158
10492 0.01611622389325014
10507 0.02246285767479419
10515 0.03244805722032431
10558 0.03296983925148223
10634 0.031959962727062655
10654 0.053466282937716984
10695 0.028584764886035247
10731 0.02646904290056946
10758 0.01960129543075089
10815 0.034135656140838015
10860 0.047686445882602416
10940 0.036311349554613376
10944 0.03244805722032431
11003 0.01653482779267966
11037 0.034622369419639976
11057 0.020377652347891215
11084 0.013488883477252201
11135 0.036311349554613376
11144 0.021129190443203674
11148 0.023495393672208632
11183 0.014545880651009186
11184 0.05292860693444901
11190 0.01975030402574495
11206 0.12979222888129724
11245 0.01583079984048868
11275 0.008205731323684337
11326 0.08488856966151165
11367 0.1630267436409685
11394 0.02541812572056093
11397 0.0393778171926846
11413 0.038212000303328816
11553 0.042444284830755824
11608 0.047686445882602416
11616 0.23521554516901066
11642 0.008845225299276229
11643 0.01623347957152289
11787 0.10585721386889801
11809 0.20337202323020703
11865 0.014222039874089064
11866 0.023801158567967485
11904 0.009495194123846029
11923 0.05292860693444901
11928 0.04159583645455071
11943 0.01217192102420688
11969 0.006268829625978264
11982 0.045243576434990176
12005 0.018025190024609828
12039 0.024552475418311598
12072 0.026717801675216066
12102 0.03244805722032431
12183 0.047686445882602416
12215 0.028288144917457014
12270 0.014852567396110657
12367 0.044619978244531185
12370 0.05292860693444901
12399 0.05292860693444901
12471 0.08836337863667326
12475 0.04052107585955277
12614 0.009592780506888606
12801 0.03531952873523162
12802 0.05343560335043213
12886 0.020690642105875817
12947 0.017448694675384804
13016 0.03233629776649387
13110 0.016174624490423974
13118 0.036311349554613376
13193 0.01765976436761581
13214 0.02812486699534605
13217 0.015501928907245416
13236 0.028288144917457014
13239 0.01810544899172279
13370 0.02365364473668499
13387 0.014313159527577274
