285
t_index tf-idf
26 0.03417875296913957
77 0.045431962805437334
107 0.020251553762893223
139 0.02180283109666003
141 0.03251614225235688
176 0.03025597364906103
216 0.03696200919021527
225 0.04150918348535879
243 0.06662355292527795
245 0.018021291718865243
275 0.0542968595926023
405 0.024118988421720104
408 0.04991537934407714
414 0.023857099278368397
458 0.03472278596410198
640 0.0677089306749108
652 0.03088036862412601
666 0.17735318854324852
727 0.0677089306749108
748 0.043272041369384534
785 0.026886188506030216
789 0.028425101922179185
818 0.014098512398786706
851 0.018251654130884323
911 0.05037408027252376
1018 0.0677089306749108
1222 0.030667727883825005
1299 0.05213799834659158
1348 0.04029825958833871
1417 0.0542968595926023
1469 0.045431962805437334
1509 0.04888270879095819
1520 0.021719066381024936
1616 0.023350451365851354
1643 0.03417875296913957
1701 0.037829963622563925
1896 0.04029825958833871
1897 0.05787785391963421
1907 0.02325222956567075
1930 0.03358728787660877
1982 0.05037408027252376
1989 0.026744948563746464
2010 0.03178099651835975
2032 0.027937195303963578
2056 0.03417875296913957
2063 0.03251614225235688
2131 0.12158776759217418
2190 0.04759082405144806
2199 0.04888270879095819
2289 0.050871105867982484
2301 0.07745185452856618
2303 0.025810106711202645
2337 0.04088478851029381
2388 0.08823426650536487
2421 0.04108509210125776
2480 0.21152181657126967
2554 0.00996309233840716
2560 0.025435552933991242
2631 0.05213799834659158
2745 0.06100289513375655
2794 0.039745265411290975
2841 0.008390760014351541
2946 0.05708011581367801
2957 0.045431962805437334
2982 0.034095178673505845
3006 0.03493659508363503
3128 0.022500413464586703
3167 0.023058727831055954
3181 0.04759082405144806
3217 0.0542968595926023
3240 0.03417875296913957
3280 0.03618761486600358
3368 0.05708011581367801
3450 0.09534298955507925
3616 0.028097112403050302
3735 0.03656706601827236
3836 0.20149632109009505
3846 0.039745265411290975
3912 0.03201989172312884
3933 0.052937015844802905
3935 0.0677089306749108
3948 0.03656706601827236
3963 0.03825389392972541
4126 0.04759082405144806
4147 0.042893650407157834
4198 0.047714198556736795
4207 0.016546194024516507
4213 0.0313202063741659
4238 0.03417875296913957
4241 0.008975974519591189
4380 0.056519434619932606
4439 0.027234899771161798
4511 0.026886188506030216
4512 0.05213799834659158
4521 0.037803823746982074
4553 0.04711313840324912
4554 0.07594156854592378
4637 0.05239949437910401
4650 0.02859336293227835
4753 0.026181126055850622
4761 0.039745265411290975
4770 0.0677089306749108
4778 0.05458064179261993
4779 0.02180283109666003
4856 0.011118092587118104
4890 0.0677089306749108
5003 0.0635619930367195
5083 0.0542968595926023
5098 0.0542968595926023
5110 0.03277415125501745
5207 0.016257373644797433
5263 0.018428098490356353
5270 0.012115769650542124
5347 0.028259717309966303
5364 0.04450985928813632
5402 0.03618761486600358
5460 0.037803823746982074
5479 0.07652759974822702
5495 0.09518164810289612
5604 0.03109778820582783
5661 0.06897182827920235
5702 0.05101839983215135
5776 0.06133545576765001
5823 0.042893650407157834
5829 0.04088478851029381
5911 0.03968485325140684
5919 0.04021855050864881
5925 0.0677089306749108
5992 0.04366804473136952
6007 0.028938926959817105
6017 0.028764602167495462
6161 0.027625079068492625
6185 0.045431962805437334
6196 0.04611745566211191
6252 0.06100289513375655
6497 0.02197256815592206
6509 0.007526187474621734
6540 0.021553681768812054
6564 0.017522196089125808
6567 0.033592224047184455
6600 0.06607845974027347
6680 0.011118092587118104
6716 0.046899361173367175
6727 0.01860782064082035
6743 0.037803823746982074
6749 0.023154994935963864
6774 0.02747271742798532
6792 0.03480314794420455
6832 0.030056486907005596
6844 0.05037408027252376
6900 0.037373763424979244
6944 0.042176673249803946
6986 0.016257373644797433
6994 0.04888270879095819
7002 0.011174016235427247
7043 0.0542968595926023
7062 0.03388104442690354
7109 0.0677089306749108
7137 0.027234899771161798
7158 0.08733608946273903
7170 0.02325222956567075
7176 0.11416023162735602
7182 0.026886188506030216
7185 0.042893650407157834
7213 0.03270538457980342
7237 0.04029825958833871
7280 0.03088036862412601
7323 0.037803823746982074
7353 0.08059651917667741
7388 0.08578730081431567
7397 0.03226483554592505
7472 0.04029825958833871
7526 0.05549403096347144
7594 0.03251614225235688
7854 0.019437534252900672
7972 0.05037408027252376
8006 0.045431962805437334
8066 0.03303922987013674
8067 0.04645130095244523
8082 0.055874390607927156
8105 0.04088478851029381
8108 0.015323543949968401
8143 0.0677089306749108
8176 0.06100289513375655
8193 0.0677089306749108
8212 0.037095083082053296
8215 0.025938251157039575
8353 0.05708011581367801
8419 0.03480314794420455
8485 0.3369439993248733
8500 0.04088478851029381
8501 0.014685041320741811
8503 0.03378884728707261
8522 0.025074960977205508
8568 0.030667727883825005
8617 0.03167490671917547
8638 0.0677089306749108
8653 0.022232891418662856
8675 0.03618761486600358
8701 0.04366804473136952
8793 0.06897182827920235
8848 0.015138951457581696
8906 0.026744948563746464
8939 0.06100289513375655
8948 0.02362301341387809
9005 0.0677089306749108
9022 0.040289249874932424
9025 0.015526855877508614
9064 0.07904988952498883
9077 0.027625079068492625
9086 0.023154994935963864
9124 0.0354706377086497
9151 0.055874390607927156
9168 0.023350451365851354
9305 0.04088478851029381
9378 0.03226483554592505
9399 0.029116450550058195
9435 0.03922217779351113
9448 0.02606811571386321
9454 0.03331177646263898
9482 0.04123336507536874
9561 0.06100289513375655
9586 0.04366804473136952
9612 0.023154994935963864
9614 0.04366804473136952
9701 0.028764602167495462
9702 0.02568363740418372
9775 0.014888728090742194
9831 0.05708011581367801
9857 0.09518164810289612
9918 0.0542968595926023
9939 0.030459660419061414
9953 0.0847791519298989
9990 0.1628905787778069
10109 0.028938926959817105
10116 0.023616249045084536
10253 0.3128279900795495
10255 0.09290260190489046
10332 0.08059651917667741
10362 0.018790944673602348
10445 0.23651245465191917
10451 0.02777987859844694
10477 0.0512975646046927
10486 0.015013030839870694
10492 0.02061668253768437
10507 0.014367807516138446
10701 0.0677089306749108
10759 0.05789078999732889
10777 0.0677089306749108
10870 0.07650778785945082
11057 0.02606811571386321
11209 0.05213799834659158
11275 0.010497183385543995
11406 0.03872592726428309
11538 0.03331177646263898
11702 0.03201989172312884
11865 0.018193547264206644
12116 0.05037408027252376
12129 0.0292972925297056
12163 0.025074960977205508
12270 0.025333532958542324
12303 0.15641399503977474
12566 0.03513113746333343
12614 0.012271566321875232
12628 0.03226483554592505
12643 0.03388104442690354
12714 0.04150918348535879
12800 0.03448591413960118
12802 0.03417875296913957
12817 0.018914981811281963
12927 0.013124810016674385
12986 0.012493984490213305
13011 0.04759082405144806
13096 0.05458064179261993
13098 0.11766653338053339
13110 0.02069139151293312
13173 0.022963409185951675
13193 0.04518251397710271
13212 0.02396169234267076
13236 0.03618761486600358
13239 0.0077204663767613405
13370 0.030258929611895427
13387 0.036620224197168635
13398 0.02417433308297176
13407 0.03872592726428309
