373
t_index tf-idf
81 0.02004628674638135
110 0.023183915886700667
114 0.025945634968016214
367 0.019473260490106652
390 0.06464583716427781
405 0.023027866228810055
407 0.03697399978124539
437 0.019827215144543532
438 0.010776235740618652
460 0.03322868360759681
492 0.12080591100140144
525 0.01317536978879838
589 0.03178287367331298
757 0.046671297289000616
778 0.043376660069778854
818 0.01346070788160055
877 0.010326846791954255
923 0.04249627171873172
1074 0.018300790587468675
1081 0.01805928438019925
1082 0.05824317687574434
1092 0.04421496595055979
1150 0.020500661274470887
1180 0.024642479788316907
1193 0.027799247489198202
1261 0.04434988423991372
1338 0.01346070788160055
1405 0.05824317687574434
1467 0.039631343896130274
1489 0.019972684076103055
1518 0.05189126993603243
1616 0.044588194250379916
1680 0.020397459622007206
1694 0.014175951543444382
1853 0.02382862535935787
1854 0.06464583716427781
1877 0.02814785815375692
1880 0.03154456366284678
1953 0.030571339492711916
2019 0.06464583716427781
2044 0.029903307304277885
2065 0.02501449326814753
2101 0.016325635704202
2105 0.027463316423400212
2131 0.02579716490238507
2227 0.029903307304277885
2265 0.03609361143019826
2291 0.03154456366284678
2297 0.027139174875790734
2344 0.05739351482744685
2349 0.046671297289000616
2350 0.039035196010143935
2360 0.03826473982959056
2386 0.10062550549297263
2437 0.04331360804170618
2541 0.030343251700556725
2554 0.028537111952943197
2556 0.029903307304277885
2571 0.02715471767336371
2582 0.04853586981265466
2635 0.039035196010143935
2657 0.02440254198010834
2707 0.04434988423991372
2841 0.03204467712991349
2878 0.02608666192485837
2886 0.02405393131554963
2896 0.021834445769623716
2927 0.037607226570555555
2978 0.06464583716427781
3006 0.03335609371376259
3008 0.03207254086121461
3049 0.020736514587257265
3117 0.033541835164324206
3162 0.025535030203328746
3350 0.021311452162553875
3522 0.03335609371376259
3538 0.03207254086121461
3721 0.03900422466229427
3756 0.034201907777731674
3795 0.046671297289000616
3865 0.028510143263813365
3866 0.05629571630751384
3876 0.05813437497956948
3884 0.022877686088443858
3892 0.024521731843454533
3938 0.03455051844229039
4015 0.026673340731341203
4063 0.03322868360759681
4068 0.01512311903552005
4099 0.05824317687574434
4207 0.03159531701166834
4241 0.017139818378470152
4310 0.06464583716427781
4375 0.029987853824262535
4404 0.010147976462182044
4416 0.03226026903564924
4520 0.041957096321861384
4565 0.06464583716427781
4619 0.023288290853131322
4650 0.08189947170960539
4715 0.014740840224482797
4753 0.03749507180766402
4778 0.034740973817160174
4779 0.020816489859545307
4784 0.06464583716427781
4807 0.05048750227724244
4811 0.03154456366284678
4814 0.03234829525654968
4830 0.015612910622471882
4844 0.02608666192485837
4852 0.019404068509298225
4856 0.0212302393731504
4960 0.021745197865223453
5030 0.09704488576964904
5039 0.051840516587210866
5051 0.03234829525654968
5103 0.018239819499783438
5127 0.018675318358358717
5139 0.024284870500302473
5154 0.048095200413562286
5179 0.06464583716427781
5240 0.03386597671193368
5263 0.017594427239954635
5270 0.011567662701828322
5394 0.018933715242328637
5442 0.04397398753899983
5479 0.04871037151312417
5538 0.0312914769751983
5580 0.030343251700556725
5616 0.03386597671193368
5658 0.019199549019969946
5736 0.05816338340902136
5833 0.025141903374313313
5847 0.05449786070209576
5865 0.021569248045433972
5874 0.014908791874020407
5886 0.04026863700046714
5919 0.03839909803993989
5980 0.06464583716427781
5981 0.07394799956249078
6191 0.05824317687574434
6196 0.044031141822010705
6217 0.06464583716427781
6249 0.039226438039752204
6274 0.07620636058350498
6277 0.06464583716427781
6339 0.013755141931929893
6373 0.02908169170451068
6381 0.17467556615698973
6441 0.03263253572161046
6470 0.02797190833396744
6488 0.11648635375148868
6509 0.014371418514589172
6566 0.03587851953929357
6567 0.03207254086121461
6578 0.015938685462676325
6590 0.027660481215515877
6602 0.04169254012502883
6633 0.0622095437617718
6666 0.11725784807689647
6671 0.12026965657774814
6680 0.0212302393731504
6727 0.01776601891564498
6733 0.0150367904983124
6771 0.015079853915454324
6793 0.014866516805965485
6818 0.019542974679482746
6957 0.01579765850583417
6960 0.02635073957759676
6986 0.031043808220998195
7106 0.02608666192485837
7137 0.013001408220764758
7170 0.022200318794367634
7194 0.03430369488203951
7229 0.0312914769751983
7252 0.08907285342499437
7260 0.05449786070209576
7344 0.025127737587595716
7359 0.01613013451782462
7363 0.426889507204561
7389 0.03430369488203951
7449 0.03263253572161046
7458 0.14001389186700183
7505 0.015387053741146704
7569 0.024284870500302473
7622 0.0272135036261645
7731 0.01765127102701616
7757 0.06464583716427781
7758 0.04409321912916374
7759 0.07926268779226055
7787 0.05217332384971674
7854 0.02783729550141233
7864 0.03160681016560853
7876 0.02843034979709039
7908 0.01589143683665649
7987 0.025535030203328746
8064 0.04434988423991372
8084 0.029280346376977327
8106 0.019827215144543532
8107 0.01017331827847973
8108 0.014630320064061722
8133 0.039631343896130274
8169 0.06464583716427781
8179 0.034272570156074204
8207 0.013001408220764758
8218 0.06550065774179689
8242 0.039035196010143935
8261 0.038475201149748076
8275 0.01589143683665649
8280 0.04095317873082385
8282 0.06464583716427781
8291 0.029280346376977327
8419 0.03322868360759681
8503 0.01613013451782462
8522 0.02394059141202326
8617 0.052923432296360914
8634 0.027463316423400212
8716 0.026826023319063343
8724 0.02908169170451068
8767 0.014993926912131268
8798 0.025669880572681145
8831 0.03295005159982078
8848 0.11563262701206696
8903 0.021143500513016264
8921 0.04095317873082385
8948 0.03383149305256235
8969 0.03568300666551079
9010 0.019827215144543532
9022 0.019233299513995116
9025 0.014824434335699306
9026 0.020423363030529874
9045 0.032925801186164734
9061 0.030571339492711916
9081 0.022200318794367634
9151 0.026673340731341203
9160 0.019684001636324906
9198 0.019972684076103055
9229 0.025945634968016214
9233 0.02527109549770209
9276 0.01512311903552005
9285 0.04026863700046714
9294 0.026523140897631265
9318 0.19393751149283345
9321 0.06464583716427781
9324 0.12929167432855562
9445 0.027139174875790734
9448 0.02488881668666484
9450 0.03794722395138025
9452 0.02165680402085309
9482 0.019684001636324906
9571 0.020978548160930692
9607 0.026673340731341203
9613 0.030343251700556725
9625 0.04434988423991372
9634 0.02221430365846698
9637 0.03080520226864181
9685 0.009279098500470777
9710 0.04169254012502883
9797 0.06645736721519362
9826 0.05739351482744685
9850 0.09422893612047858
9925 0.025141903374313313
9953 0.08094381636153396
9973 0.02814785815375692
10042 0.01589143683665649
10048 0.014993926912131268
10067 0.019827215144543532
10068 0.09029642190099624
10116 0.007515956782371075
10167 0.16888714892254153
10200 0.06464583716427781
10225 0.06231770378219997
10291 0.06464583716427781
10371 0.023076396573807303
10374 0.032357246541769774
10378 0.019267220284147676
10455 0.1434837870686171
10458 0.025141903374313313
10532 0.03386597671193368
10620 0.039631343896130274
10654 0.032651271408404
10731 0.010776235740618652
10734 0.048095200413562286
10758 0.04788118282404652
10837 0.05991805222830917
10959 0.03609361143019826
10962 0.05739351482744685
10967 0.04026863700046714
10976 0.02267903141597721
10988 0.02797190833396744
11002 0.02277782472398269
11017 0.03744780036538384
11056 0.0272998239032018
11057 0.04977763337332968
11167 0.020120480609097796
11183 0.01776601891564498
11190 0.01809194042610853
11213 0.07394462559252549
11275 0.04008919952279743
11293 0.034912803552346834
11345 0.06754252225839141
11365 0.04026863700046714
11375 0.022484559259428424
11406 0.03697399978124539
11462 0.02267903141597721
11507 0.03869574735357761
11545 0.04095317873082385
11642 0.010803363766715658
11646 0.06464583716427781
11653 0.05399964507472462
11790 0.03386597671193368
11799 0.0301206605382851
11826 0.061971677419379305
11865 0.06948194763432035
11866 0.08721063581051147
11969 0.053596275035056734
12000 0.04591819969294216
12036 0.08698079146089381
12047 0.03455051844229039
12095 0.02908169170451068
12132 0.04095317873082385
12161 0.02249722147696538
12163 0.02394059141202326
12169 0.03322868360759681
12177 0.07136601333102158
12196 0.026229875433076998
12208 0.03207254086121461
12243 0.051840516587210866
12250 0.033459014160975444
12260 0.02698127212051132
12270 0.012093732910189323
12295 0.03568300666551079
12313 0.032925801186164734
12427 0.0908757125973548
12475 0.009898310284199307
12488 0.032925801186164734
12558 0.05449786070209576
12608 0.027477350052008694
12614 0.0234328225327752
12740 0.06068650340111345
12757 0.07599783962387277
12770 0.09619040082712457
12848 0.046671297289000616
12851 0.022294097125189958
12865 0.0165759785670132
12886 0.02527109549770209
12911 0.025806728797831694
12927 0.012531054953795168
12928 0.03226026903564924
12941 0.04026863700046714
12964 0.015210262004914335
12986 0.03578630228700208
13016 0.009873710838910275
13026 0.028696757413723423
13031 0.014993926912131268
13084 0.01565875233564965
13096 0.05211146072574026
13104 0.025669880572681145
13131 0.034201907777731674
13212 0.022877686088443858
13214 0.03435109437699466
13224 0.013868020154274269
13228 0.02814785815375692
13229 0.06464583716427781
13231 0.03386597671193368
13239 0.1105679872469171
13264 0.028696757413723423
13369 0.04095317873082385
13370 0.01444502089279608
13386 0.07742018639349509
13387 0.0349635569011684
13417 0.09905930836065917
13418 0.09877665421047921
