332
t_index tf-idf
6 0.03215732672240571
76 0.05115673734577391
203 0.027727856491181823
213 0.024487974525268224
215 0.12853857640694494
245 0.03536424551495379
405 0.007888352672163
419 0.05985479271651754
437 0.020375843425475645
455 0.03709233847518273
483 0.05600584189932894
526 0.029686542371967675
573 0.04208637226718293
647 0.03386179487965345
689 0.016626293314723425
695 0.0657034499199271
696 0.034279072368070894
699 0.04457691246393359
739 0.06960612813273143
748 0.021228820869125108
784 0.04328682860537018
794 0.03848399844914769
818 0.09683220358201809
851 0.017908149643427906
877 0.010612595454165062
974 0.03009054720350736
1049 0.02495684418183619
1059 0.021392491832763722
1096 0.02509401237586446
1270 0.05115673734577391
1273 0.024487974525268224
1299 0.05115673734577391
1452 0.04557706620030003
1507 0.07084340549661429
1520 0.021310303607429446
1599 0.02426194763931721
1622 0.023719361065875764
1677 0.033535493189156274
1680 0.010480933416659328
1735 0.01831712837119191
1746 0.027890128489269764
1747 0.023008346861357554
1797 0.01779446348549649
1867 0.01952518381378177
1913 0.03851553334587753
1927 0.04796271383004635
1930 0.01647757987023773
1976 0.0466951429528369
1985 0.032662320596108435
2030 0.035148290501271114
2032 0.05482280899400437
2146 0.013945512668307894
2175 0.0466951429528369
2193 0.049426017017488624
2257 0.04208637226718293
2258 0.14506546901523198
2288 0.023825425641119995
2304 0.05327496783467722
2474 0.08023063614199319
2480 0.06226226374076824
2515 0.03296000301006084
2535 0.025077771686313702
2554 0.009775582378890976
2569 0.0326848335774624
2617 0.0466951429528369
2659 0.044512115756866984
2780 0.03414813676490468
2837 0.027890128489269764
2841 0.008232842069083092
2862 0.028745904070220825
2874 0.015676232996593174
2885 0.029686542371967675
2891 0.02495684418183619
3005 0.037533938131017436
3006 0.034279072368070894
3023 0.03009054720350736
3062 0.041382888948206034
3064 0.04457691246393359
3123 0.016526892608287047
3280 0.03550654738534261
3347 0.0326848335774624
3359 0.05977279132739302
3391 0.05600584189932894
3399 0.02164341430268509
3437 0.05482280899400437
3522 0.034279072368070894
3523 0.01672674590001588
3709 0.029299032211349642
3713 0.033535493189156274
3721 0.026722326487681188
3813 0.049426017017488624
3830 0.02426194763931721
3831 0.06960612813273143
3874 0.054514097127824984
3881 0.030299185947716082
4015 0.027411404497002186
4027 0.017192420336005376
4116 0.021228820869125108
4121 0.021988640737590482
4191 0.03296000301006084
4196 0.025324348685467058
4207 0.016234787077124904
4226 0.04284619213564831
4263 0.017034643617031112
4268 0.05985479271651754
4404 0.010428775699028912
4461 0.01464899598728479
4465 0.02881732423876746
4555 0.03899724131845971
4576 0.03141726270025296
4584 0.05167518310955817
4664 0.03667037208534767
4735 0.021228820869125108
4753 0.025688385276173623
4807 0.010376902997671291
4830 0.016044927133752378
4852 0.03988197625136182
5030 0.03324338765799414
5058 0.04072796164674499
5089 0.04072796164674499
5103 0.01874452380362674
5105 0.05600584189932894
5106 0.08569238427129662
5166 0.03848399844914769
5202 0.14351542837275982
5258 0.03446995337111008
5263 0.018081273239267753
5371 0.023206118196563742
5374 0.02147539786827846
5399 0.01980035324638021
5402 0.10651964215602784
5409 0.047188777672622244
5442 0.015063589420844771
5468 0.1836911747042313
5474 0.026441056729079794
5490 0.05578025697853953
5529 0.03667037208534767
5623 0.020677223682072175
5767 0.0466951429528369
5780 0.018081273239267753
5801 0.031182863612618322
5802 0.15347021203732172
5819 0.020677223682072175
5836 0.025450081394161047
5887 0.06296546100367215
5944 0.10879910176142399
6019 0.030954113249177122
6040 0.05115673734577391
6124 0.040115318070996595
6135 0.030730745749915852
6153 0.03550654738534261
6166 0.036266367253807996
6196 0.04524950403118539
6249 0.02015592592833374
6257 0.03848399844914769
6266 0.027257048563912492
6292 0.033836873445752806
6298 0.017701980487683223
6299 0.037533938131017436
6319 0.05327496783467722
6339 0.014135753117972766
6502 0.025077771686313702
6504 0.03296000301006084
6509 0.02215362354121409
6515 0.01831712837119191
6564 0.017192420336005376
6585 0.021148031609341505
6666 0.020083737894313503
6680 0.01090884499409208
6721 0.04284619213564831
6741 0.08789709663404892
6818 0.040167475788627005
6831 0.05600584189932894
6866 0.0466951429528369
6960 0.013539938409513763
6987 0.0239326887115021
7002 0.010963716133734812
7061 0.02426194763931721
7135 0.037997087582093275
7138 0.03165759656815402
7222 0.0460949090323239
7248 0.0933902859056738
7280 0.030299185947716082
7314 0.017516065798921367
7337 0.06003628404250855
7441 0.05600584189932894
7505 0.01581282068728985
7507 0.04362891644519757
7577 0.0933902859056738
7580 0.02695566830731596
7586 0.15393599379659076
7666 0.0578534450070046
7673 0.3002715050481395
7793 0.017192420336005376
7820 0.08131548729596558
7821 0.024487974525268224
7823 0.05115673734577391
7845 0.024719514802242205
7856 0.22520362878610464
8082 0.027411404497002186
8106 0.020375843425475645
8107 0.06272891241114478
8115 0.027257048563912492
8179 0.005870151356757559
8207 0.026722326487681188
8275 0.016331160298054218
8301 0.0466951429528369
8491 0.17811925423180608
8500 0.08023063614199319
8546 0.0283942831044391
8548 0.037997087582093275
8578 0.06493024290805527
8603 0.10654993566935445
8617 0.007769692618007257
8716 0.027568311883064363
8817 0.056110445500237555
8842 0.10910378014578136
8905 0.01456820672750119
9026 0.020988487001224045
9064 0.05817160080772447
9123 0.022438615057159328
9193 0.05985479271651754
9231 0.016879446469821768
9300 0.030299185947716082
9384 0.03848399844914769
9385 0.049426017017488624
9396 0.041382888948206034
9452 0.022256057878433492
9482 0.040457334265517335
9506 0.040115318070996595
9507 0.040457334265517335
9607 0.027411404497002186
9661 0.04284619213564831
9802 0.03190417356730737
9850 0.01613938244766901
9858 0.04284619213564831
9880 0.03667037208534767
9910 0.07907965578380231
9912 0.03848399844914769
9913 0.0567885662088782
9941 0.040115318070996595
9954 0.035148290501271114
9973 0.1446336125175115
10004 0.02695566830731596
10048 0.015408815855750168
10080 0.13673119860090008
10116 0.042481597446028155
10224 0.05115673734577391
10225 0.005822005789170509
10329 0.019323918025848125
10371 0.011857465609371773
10374 0.016626293314723425
10445 0.046412236393127485
10447 0.028223239184525406
10477 0.05033212095169906
10486 0.014730478725589132
10492 0.040457334265517335
10515 0.08145592329348998
10613 0.05985479271651754
10617 0.030730745749915852
10647 0.050648697370934116
10648 0.07799448263691942
10654 0.016777373650566352
10737 0.04796271383004635
10799 0.04457691246393359
10815 0.04284619213564831
10849 0.03550654738534261
10906 0.04367216335702305
10964 0.04328682860537018
10969 0.02147539786827846
11003 0.020754087913589413
11008 0.03848399844914769
11017 0.03848399844914769
11056 0.028055222750118777
11077 0.03667037208534767
11084 0.016930897439826724
11092 0.027727856491181823
11105 0.06960612813273143
11171 0.04457691246393359
11195 0.04469379524332397
11204 0.020909709115688242
11220 0.035148290501271114
11241 0.04072796164674499
11279 0.05327496783467722
11309 0.05600584189932894
11310 0.07956243902256369
11313 0.03009054720350736
11527 0.0289267225035023
11530 0.13184001204024337
11532 0.05482280899400437
11535 0.022719207329509324
11542 0.01939053360257482
11616 0.12301519365389006
11740 0.07751277466433724
11741 0.017682122757476895
11745 0.04796271383004635
11758 0.02520025958871154
11809 0.20885506376907365
11865 0.017851136374585942
11904 0.011918121922633073
11969 0.03147389082103815
11982 0.08518284931331731
12014 0.026095230018700934
12226 0.03604642769787539
12229 0.04796271383004635
12260 0.027727856491181823
12270 0.03107093033629518
12475 0.010172201141577096
12608 0.016942596678105614
12653 0.049426017017488624
12666 0.037533938131017436
12697 0.03009054720350736
12701 0.1328692351967157
12745 0.049426017017488624
12755 0.08938759048664793
12911 0.026520813007521227
12927 0.02575559016565456
12986 0.0245176839632087
13000 0.10180032557664419
13014 0.03459816158430582
13016 0.010146921018175561
13017 0.05361698402919796
13031 0.015408815855750168
13174 0.019457619964667595
13192 0.027411404497002186
13203 0.08276577789641207
13212 0.02351072232166704
13239 0.007575163664653382
13304 0.04284619213564831
13327 0.041382888948206034
13370 0.014844721351114056
13372 0.03325258662944685
