322
t_index tf-idf
6 0.03384035421351419
108 0.024526373649424754
121 0.026916159096597683
213 0.025769608868923866
215 0.045088645927784214
405 0.024903623136165978
437 0.021442259951190874
455 0.039033651131614985
458 0.017926190783130687
563 0.03736486402589347
571 0.024526373649424754
586 0.01733997182675641
647 0.0356340296233153
673 0.021134866406709262
689 0.01749646853063824
690 0.06991162576960645
695 0.023047396917595185
739 0.07324912458602126
785 0.05552169057962028
807 0.05606323553577343
818 0.07278581369601811
851 0.018845413752007354
900 0.04354875740992714
1047 0.04103825143671151
1049 0.026263017894966243
1069 0.06991162576960645
1096 0.03961104765181956
1173 0.11212647107154686
1183 0.03331446953482078
1189 0.02776084528981014
1278 0.05606323553577343
1397 0.04690994747623961
1447 0.02351647379206046
1507 0.0497007718000944
1575 0.10766828518631225
1596 0.050472952526843654
1746 0.029349822368154393
1786 0.017926190783130687
1800 0.039033651131614985
1930 0.05201991548026923
1953 0.06612311448481317
2030 0.07397571389127763
2175 0.09827808083771383
2193 0.05201284104470072
2208 0.037756659416705786
2257 0.044289059142809985
2258 0.1526578032434708
2295 0.022687375901554493
2447 0.031665405045490674
2453 0.0399857523593231
2474 0.04221484530194041
2480 0.19656270659352998
2554 0.010287209916443895
2569 0.03439546935039332
2617 0.049139040418856916
2621 0.02553175234719283
2659 0.023420879742404116
2742 0.039498362918854446
2798 0.04595784624853149
2841 0.03465490700849533
2874 0.032993369250975214
2885 0.031240255693951193
2920 0.03858960016240718
2998 0.06991162576960645
3005 0.039498362918854446
3006 0.036073146286689346
3199 0.045088645927784214
3209 0.045088645927784214
3223 0.04796244655362803
3240 0.0352906501850239
3280 0.03736486402589347
3347 0.03439546935039332
3359 0.031450568766341266
3381 0.06298743065268994
3399 0.022776172059177615
3434 0.044289059142809985
3474 0.06298743065268994
3506 0.10766828518631225
3507 0.06298743065268994
3721 0.028120900768851383
3757 0.02083665017289363
3820 0.06991162576960645
3830 0.02553175234719283
3876 0.012573953238763159
3892 0.026519173005768698
3960 0.05606323553577343
4027 0.018092225108770545
4068 0.03270997437294308
4116 0.02233987992683157
4127 0.04049814682400508
4131 0.04138163087500292
4148 0.026137362125490074
4191 0.034685040406726646
4226 0.045088645927784214
4263 0.035852381566261374
4461 0.04624705442974517
4465 0.03032554503500173
4545 0.03662456229301063
4554 0.026137362125490074
4584 0.08156958360863549
4587 0.026519173005768698
4664 0.07717920032481436
4735 0.02233987992683157
4807 0.021840004059529197
4809 0.1398232515392129
4813 0.06991162576960645
4830 0.05065402564926757
4965 0.05217559638035453
4968 0.08442969060388082
5013 0.03103427928408086
5058 0.17143821194066763
5089 0.04285955298516691
5166 0.12149444047201523
5207 0.01678625568182093
5236 0.06298743065268994
5313 0.05893703616161723
5371 0.02442066364755475
5398 0.09592489310725606
5409 0.06207313830566613
5468 0.02761501055441797
5490 0.05869964473630879
5623 0.021759413635146833
5666 0.04103825143671151
5680 0.05606323553577343
5702 0.013169530373897818
5767 0.049139040418856916
5780 0.01902759816853274
5805 0.07187071573650079
5806 0.06991162576960645
5819 0.0652782409054405
5911 0.013658624653001434
5944 0.0381644508108677
5974 0.06991162576960645
6135 0.032339109852002015
6153 0.03736486402589347
6160 0.05606323553577343
6196 0.023808870333339033
6257 0.04049814682400508
6266 0.08605082625619004
6273 0.05201284104470072
6293 0.05201284104470072
6298 0.027942681390546054
6299 0.039498362918854446
6315 0.045088645927784214
6341 0.04221484530194041
6497 0.022687375901554493
6504 0.034685040406726646
6519 0.01733997182675641
6540 0.022254862375735825
6564 0.03618445021754109
6576 0.04963310190879038
6578 0.017236986358370447
6590 0.01495679610763053
6680 0.011479784431309223
6733 0.03252325335110337
6741 0.030832464299789277
6752 0.04049814682400508
6793 0.048232449529351
6818 0.021134866406709262
6822 0.044289059142809985
6960 0.014248582158661281
7001 0.03698785694563882
7023 0.049139040418856916
7061 0.02553175234719283
7136 0.04160923552364316
7137 0.014060450384425691
7184 0.024741209928574162
7211 0.05893703616161723
7213 0.01688467521642252
7222 0.11318391438351944
7248 0.09827808083771383
7280 0.06376992675435539
7314 0.01843280929971459
7438 0.01979149901930641
7472 0.04160923552364316
7505 0.01664042094642876
7507 0.022956167955164655
7573 0.031884963377177694
7577 0.09827808083771383
7586 0.1619925872960203
7666 0.06088133781795394
7673 0.039498362918854446
7681 0.13286717742842996
7684 0.02184030073261444
7793 0.018092225108770545
7794 0.028059061523625774
7821 0.025769608868923866
7845 0.026013267337649606
7850 0.020335279621735036
7854 0.020069872718817515
7856 0.039498362918854446
7876 0.015373085589890935
7909 0.05893703616161723
7987 0.02761501055441797
8008 0.027471274233476815
8106 0.021442259951190874
8107 0.044007982664856705
8179 0.012354758398570993
8230 0.04796244655362803
8242 0.04221484530194041
8275 0.03437177810049569
8491 0.24992204555160955
8529 0.020547079116560302
8546 0.029880363072081164
8548 0.0399857523593231
8578 0.04555234411835523
8604 0.04049814682400508
8634 0.029700367176094124
8653 0.04591233591032931
8736 0.04221484530194041
8767 0.016215271594889284
8787 0.042421665134305134
8842 0.032803993388401446
8843 0.04354875740992714
8973 0.034685040406726646
9018 0.03411405631979501
9064 0.06121614503263273
9213 0.039033651131614985
9227 0.06822811263959001
9328 0.027189861202878498
9384 0.04049814682400508
9396 0.04354875740992714
9410 0.02852377331086523
9445 0.029349822368154393
9448 0.026916159096597683
9456 0.023908269182872765
9481 0.050472952526843654
9483 0.04067055924347007
9626 0.07397571389127763
9634 0.012011895523578474
9714 0.0720260010976592
9802 0.033573951707088566
9845 0.04049814682400508
9847 0.06991162576960645
9858 0.045088645927784214
9880 0.07717920032481436
9912 0.04049814682400508
9941 0.08442969060388082
10001 0.024110084167164352
10048 0.03243054318977857
10080 0.23981223276814015
10109 0.029880363072081164
10116 0.05283314558172539
10163 0.02705207278443954
10212 0.01749646853063824
10223 0.024110084167164352
10225 0.00612671382293065
10266 0.06012732365744461
10308 0.06991162576960645
10380 0.06317842074372686
10477 0.01765545600256821
10485 0.03331446953482078
10492 0.06386214254832945
10507 0.044505655554690965
10515 0.04285955298516691
10517 0.05383414259315612
10543 0.06991162576960645
10627 0.030250386928033744
10633 0.024741209928574162
10647 0.02664975659017206
10648 0.04103825143671151
10731 0.0233080486958098
10759 0.01992469435202496
10815 0.045088645927784214
10856 0.01659227867514395
11005 0.03411405631979501
11008 0.04049814682400508
11046 0.06421891202939695
11092 0.08753717247795702
11105 0.07324912458602126
11190 0.019565636767947085
11294 0.044289059142809985
11310 0.11163536247303486
11392 0.030250386928033744
11394 0.06714790341417713
11479 0.1398232515392129
11484 0.06298743065268994
11527 0.03044066890897697
11530 0.06937008081345329
11532 0.028846043257139086
11542 0.020405381677544243
11546 0.03411405631979501
11643 0.021442259951190874
11745 0.050472952526843654
11809 0.12210331823777376
11865 0.01878541656290214
11896 0.023326191811117235
11897 0.03893215860197551
11904 0.0250837683681425
11969 0.04968172368877141
11982 0.05976072614416233
12014 0.013730491883529069
12086 0.04519872419819872
12092 0.044289059142809985
12119 0.03698785694563882
12191 0.05383414259315612
12226 0.07586600042708253
12250 0.018092225108770545
12260 0.029179057492652337
12270 0.02615767902351288
12289 0.05606323553577343
12398 0.06298743065268994
12400 0.029880363072081164
12614 0.012670782771935682
12666 0.15799345167541778
12737 0.09827808083771383
12817 0.019530320692529524
12911 0.027908840618258716
12927 0.013551784041435545
12986 0.012900436609239223
13000 0.05356413961743316
13016 0.010677983415591733
13035 0.06991162576960645
13174 0.020475979158352052
13203 0.08709751481985428
13212 0.024741209928574162
13213 0.039033651131614985
13217 0.020475979158352052
13304 0.045088645927784214
13327 0.04354875740992714
13370 0.007810826954912927
13372 0.01749646853063824
