265
t_index tf-idf
42 0.03589107357302848
110 0.029561596703208372
115 0.026140203566414652
139 0.1327145683696403
164 0.07426533610321047
176 0.03683382644791909
219 0.019619889899932907
223 0.03126743345528877
239 0.022801440836211526
274 0.031577401955814516
361 0.029965457636188818
405 0.00978753974261409
437 0.025281498635308982
438 0.013740678516074606
673 0.049838132494889595
732 0.02026302411963258
786 0.033445471546625895
849 0.0483861542605292
877 0.013167666824338939
1092 0.02818904705452132
1387 0.055309178034524356
1476 0.03363095763571562
1489 0.05093396944879742
1616 0.36955096140234345
1680 0.013004306046970506
1694 0.01807562468995675
1701 0.09210890588198645
1712 0.07396313454545808
1848 0.07426533610321047
1853 0.030383659788433905
1913 0.023894235526578454
1968 0.16793353815673093
1971 0.07426533610321047
2075 0.0251898396261651
2131 0.04934058952706522
2268 0.03351018667225577
2280 0.030526426666536804
2285 0.02891782318461131
2289 0.061930827495056885
2295 0.02674955271503629
2322 0.027727100661711565
2375 0.02633983755298104
2388 0.026854247833129237
2466 0.06347315094584127
2482 0.04361053625050548
2571 0.02308315288847727
2637 0.09429041024641488
2667 0.02594389696831114
2730 0.03589107357302848
2746 0.02674955271503629
2841 0.01021496785129423
2868 0.028426997030949495
2878 0.16631430663488098
2909 0.06948971809318676
2930 0.02594389696831114
2931 0.06954057377959162
2940 0.039899472854763904
2982 0.0415077005465888
3013 0.04602263008010235
3036 0.050533560024500636
3049 0.026440937943979666
3050 0.08242930901452739
3113 0.04022218134921229
3128 0.054784310310022295
3165 0.031577401955814516
3216 0.031577401955814516
3240 0.08321888891588562
3257 0.08249402414015726
3337 0.04977341736925973
3399 0.026854247833129237
3437 0.03401093004652818
3591 0.020943314786077794
3616 0.03420561420186681
3631 0.01532823985992557
3735 0.04451699287715515
3791 0.054186602991419267
3876 0.029650641524712477
3907 0.039899472854763904
3964 0.14934039532518906
4207 0.020143448237421077
4241 0.02185482387646291
4342 0.03840657564573935
4363 0.03759396910316
4416 0.1851064679251049
4439 0.01657797536336395
4465 0.017877668379232974
4553 0.05735585254966421
4590 0.039899472854763904
4658 0.054186602991419267
4735 0.02633983755298104
4753 0.015936539748113876
4778 0.0221489471855948
4779 0.026542913673928057
4794 0.09549868773107227
4807 0.01287522943204185
4835 0.04602263008010235
4836 0.08242930901452739
4844 0.2993657519427857
4864 0.031115455563004758
5225 0.03205820843789537
5479 0.015527536040195543
5488 0.025655438716548903
5580 0.11607119873356114
5626 0.0427688837666135
5702 0.04658260812058663
5780 0.022434491430752917
5822 0.029299849859531824
5825 0.055309178034524356
5835 0.06347315094584127
5865 0.027502748673978443
5874 0.01901006261693188
5885 0.04905937310254514
5917 0.04405504648434539
5919 0.0734435020967378
5921 0.054186602991419267
5964 0.11289951103241844
5981 0.04714520512320744
6012 0.04451699287715515
6135 0.038129430547505734
6178 0.04905937310254514
6274 0.032390008498393866
6339 0.05261716274001318
6381 0.11136359935638929
6435 0.037335098831297264
6509 0.00916243140842776
6515 0.022727130663954723
6566 0.030498912266361373
6578 0.020323270405635554
6617 0.08242930901452739
6636 0.031577401955814516
6642 0.07426533610321047
6662 0.04405504648434539
6680 0.01353524092583658
6688 0.039899472854763904
6727 0.022653286389256694
6818 0.024919066247444797
6957 0.020143448237421077
6960 0.01679979214967388
7034 0.045499071742614174
7112 0.032390008498393866
7122 0.03142139804290231
7175 0.032559480821273544
7183 0.09954683473851945
7194 0.021870162022854862
7213 0.01990787792020559
7214 0.06610136319189355
7271 0.040895400191228226
7314 0.02173320555838908
7344 0.06408029154856167
7363 0.12370974137340433
7389 0.043740324045709725
7439 0.03589107357302848
7549 0.08242930901452739
7569 0.030965413747528443
7614 0.023335168801529468
7684 0.02575080865651308
7758 0.02811142793160015
7821 0.030383659788433905
7908 0.02026302411963258
7960 0.037858657168785434
8039 0.03683382644791909
8108 0.00932749289391507
8112 0.05316177227055292
8179 0.007283439532587549
8215 0.031577401955814516
8218 0.020879820706525182
8276 0.04602263008010235
8284 0.036119782181204506
8617 0.009640311285143054
8653 0.02706647201141623
8657 0.04361053625050548
8706 0.03401093004652818
8773 0.03507810849334212
8845 0.17350693910766787
8870 0.08242930901452739
9022 0.0653978728222115
9025 0.07560999640039727
9052 0.02633983755298104
9124 0.04318219365576306
9145 0.04361053625050548
9233 0.0966688203583258
9386 0.038129430547505734
9394 0.056550127171846126
9445 0.034604910855296586
9492 0.07416359219185646
9503 0.030383659788433905
9612 0.02818904705452132
9674 0.04361053625050548
9694 0.05208328258109978
9727 0.03501822074444615
9746 0.02373177607870984
9850 0.04005014828640881
9873 0.05221901939566231
9953 0.10321071153777175
10067 0.050562997270617964
10068 0.20724503823446952
10116 0.04791763486483573
10212 0.020629212885533103
10225 0.014447405031552877
10362 0.02287622282224584
10371 0.014712249910928921
10430 0.07725242596953924
10444 0.02414220517458759
10450 0.03708179609592823
10477 0.020816667079437023
10480 0.01984971423048301
10551 0.03927942847432168
10558 0.05134616656707998
10635 0.07426533610321047
10654 0.020816667079437023
10691 0.04499779935923601
10837 0.02546698472439871
10881 0.056550127171846126
10964 0.026854247833129237
11030 0.08242930901452739
11082 0.06284279608580462
11084 0.04201430601732686
11190 0.015379243928384932
11195 0.027727100661711565
11245 0.049308756363638725
11313 0.037335098831297264
11462 0.02891782318461131
11507 0.04934058952706522
11516 0.0552287809767403
11763 0.054186602991419267
11809 0.02879318579685002
11861 0.16485861802905477
11904 0.01478750974037093
11943 0.01895615806868612
12014 0.016188937761491985
12096 0.03205820843789537
12121 0.03759396910316
12161 0.014342999506531015
12215 0.04405504648434539
12226 0.022362453755219888
12250 0.02133163973565585
12270 0.007710303485280049
12467 0.08242930901452739
12475 0.0126212438871284
12572 0.07426533610321047
12603 0.058342251839960696
12608 0.007007222978895637
12614 0.014939487632654945
12749 0.08828998857552926
12756 0.05134616656707998
12769 0.03401093004652818
12779 0.08242930901452739
12836 0.030965413747528443
12851 0.028426997030949495
12886 0.032222940119441934
12941 0.05134616656707998
13014 0.021463979591249946
13016 0.01258987736197748
13017 0.033262861326976194
13026 0.036590969942266405
13096 0.0221489471855948
13110 0.0251898396261651
13115 0.032905921185997784
13131 0.04361053625050548
13148 0.030103215033859026
13174 0.02414220517458759
13224 0.01768298422389435
13239 0.01879789570926251
13370 0.01841871252850832
13418 0.1007593585046604
