503
t_index tf-idf
39 0.03512791307563366
70 0.016294258081174656
86 0.015883460177783235
105 0.01660214147617968
107 0.01565846545692925
108 0.055098781898267585
116 0.03679714076269152
122 0.02124185639732509
139 0.01685791034048245
149 0.0311585428518854
170 0.03316529443053092
213 0.019297241396382843
219 0.012460965999678013
239 0.014481629634663406
245 0.013934030799461103
274 0.02005540979773369
363 0.05235242512805796
367 0.015770116940659266
380 0.01666526852201255
405 0.012432506051283041
437 0.06422704643547844
438 0.0436348340063563
458 0.04027139479910918
494 0.03209482706170251
525 0.01066986817186266
530 0.03894914953721585
574 0.030730968734829223
594 0.03679714076269152
609 0.02827359060012032
613 0.05235242512805796
689 0.013102006263940685
696 0.01350645668240492
851 0.014112146607927364
877 0.008363036155148698
928 0.054326666375612453
949 0.03441494427124361
970 0.05715791992060979
996 0.033764054748760375
999 0.014112146607927364
1029 0.039912657478908056
1046 0.02889732760445127
1055 0.017610010065164487
1072 0.014576924051233335
1155 0.02534091563123344
1173 0.083964471102294
1189 0.020788353274974445
1226 0.030326518316364983
1231 0.06632501254193507
1237 0.047167330339602485
1260 0.041982235551147
1270 0.040313007864089145
1273 0.038594482792765686
1296 0.024216728027672465
1457 0.03894914953721585
1507 0.018608893054825205
1518 0.0210116686804015
1520 0.01679314361089527
1562 0.02795632746600777
1583 0.05235242512805796
1613 0.03512791307563366
1616 0.5235813000575402
1622 0.0186915514708604
1648 0.10665779063234244
1680 0.016518565224085256
1694 0.02296034746711415
1701 0.014625030394116792
1702 0.05235242512805796
1737 0.054851668350882565
1747 0.03626250289154619
1786 0.013423798266369724
1792 0.05235242512805796
1867 0.015386416911472462
1896 0.0311585428518854
1900 0.01920765337305465
1913 0.015175684369462785
1926 0.03316529443053092
1930 0.012984815712547112
1958 0.02597344806342992
1968 0.05332889531617122
1985 0.012869432799735564
2044 0.024216728027672465
2046 0.02827359060012032
2065 0.020257598066355454
2070 0.02160098986736232
2131 0.11490287879634914
2146 0.010989472570668023
2151 0.02642695118578057
2184 0.03679714076269152
2227 0.024216728027672465
2233 0.03779602375235224
2268 0.010641479103490543
2275 0.016115432580516995
2309 0.040313007864089145
2315 0.02922984948278813
2339 0.02922984948278813
2364 0.022940362049498772
2375 0.016728932825757666
2380 0.024947113628144293
2388 0.03411128919706065
2389 0.024947113628144293
2455 0.024044754694332655
2457 0.03894914953721585
2475 0.03679714076269152
2571 0.021990825492068752
2579 0.03441494427124361
2582 0.02620401252788137
2676 0.024216728027672465
2684 0.05283003019549346
2746 0.016989150733705275
2765 0.06882988854248721
2798 0.10324483281373083
2831 0.02251278793244259
2841 0.01946316229071448
2898 0.013803173050834788
2901 0.017978582666470348
2916 0.0731782444845304
2927 0.030455627147433145
2931 0.044166543741336425
2963 0.040313007864089145
2982 0.05272466337720154
2988 0.037719319811754345
3006 0.01350645668240492
3056 0.02769788272089807
3076 0.03679714076269152
3128 0.017397279790324714
3167 0.017828967468407207
3257 0.02619676346885698
3291 0.02619676346885698
3292 0.027980199642075442
3347 0.025756606488383422
3350 0.051776243575053164
3377 0.02308849581166484
3422 0.023393865171849413
3426 0.028578959960304896
3450 0.02457301015003353
3560 0.020257598066355454
3567 0.04742446563199159
3591 0.01330149836726462
3594 0.040313007864089145
3601 0.035220020130328974
3615 0.04413424432567133
3631 0.03894102906868911
3634 0.03914525742053445
3721 0.04211595241359317
3733 0.027163333187806227
3766 0.02597344806342992
3791 0.03441494427124361
3801 0.04413424432567133
3803 0.029942818287178184
3808 0.024216728027672465
3845 0.02323962237664652
3855 0.03779602375235224
3876 0.018831687526918623
3879 0.040313007864089145
3884 0.018527138027540316
3919 0.02769788272089807
3933 0.04093080677679028
3957 0.01322106199507105
3958 0.05235242512805796
3990 0.025141423527909504
4015 0.02160098986736232
4027 0.013548130943604176
4068 0.03674166775802554
4103 0.09978164369727015
4131 0.015494052013609164
4137 0.02160098986736232
4207 0.01279348787801487
4215 0.03512791307563366
4219 0.04421667502795671
4241 0.03470103790624315
4263 0.026847596532739448
4274 0.05235242512805796
4275 0.04413424432567133
4283 0.025545873946373743
4323 0.02323962237664652
4332 0.03209482706170251
4342 0.024392748161510134
4375 0.02428519671106327
4404 0.00821818080238663
4437 0.024392748161510134
4439 0.03158696431019488
4457 0.022108337513978355
4459 0.023876646259315883
4461 0.011543838037302185
4485 0.047167330339602485
4532 0.047167330339602485
4562 0.019858542895537887
4703 0.03512791307563366
4715 0.02387528008078266
4735 0.03345786565151533
4753 0.02024320023879882
4778 0.014067218481654405
4796 0.04413424432567133
4807 0.024531910781712764
4808 0.030326518316364983
4830 0.012643872679951726
4844 0.10562938583281051
4849 0.05235242512805796
4852 0.031428165783707544
4868 0.03894914953721585
4926 0.02642695118578057
4945 0.040313007864089145
4965 0.026047351189876916
4998 0.03441494427124361
5013 0.02323962237664652
5090 0.02922984948278813
5103 0.0886274037059913
5127 0.015123915923837406
5139 0.019666724423118884
5207 0.012570172472587814
5223 0.03209482706170251
5234 0.07183212704656941
5244 0.044481478773971614
5263 0.0284971461475567
5270 0.009367891608629945
5347 0.021850363310468034
5364 0.03441494427124361
5371 0.03657420210479233
5394 0.03066634923764942
5409 0.018593069692415858
5454 0.04413424432567133
5474 0.010418163698063487
5479 0.06903283848673344
5506 0.03261092896389676
5579 0.04413424432567133
5686 0.1958613974945281
5702 0.019723668139066702
5788 0.041982235551147
5873 0.040313007864089145
6007 0.02237552700727479
6057 0.06418965412340502
6062 0.047167330339602485
6117 0.04697539637078775
6178 0.0311585428518854
6196 0.07131586987362883
6266 0.021479352869630135
6441 0.02642695118578057
6443 0.047167330339602485
6509 0.00581923480901851
6515 0.01443443382802815
6519 0.025969631425094224
6532 0.083964471102294
6545 0.02457301015003353
6546 0.040313007864089145
6564 0.013548130943604176
6566 0.019370440441645466
6578 0.01290769636417547
6590 0.0448008204507108
6603 0.03441494427124361
6689 0.10538373922690099
6793 0.012039417263968821
6817 0.01487031500927821
6818 0.01582657389194602
6828 0.03894914953721585
6872 0.04413424432567133
6957 0.02558697575602974
6960 0.01066986817186266
7061 0.03823825117583316
7100 0.025141423527909504
7158 0.033764054748760375
7185 0.06633058886106184
7194 0.013890156711591726
7213 0.02528774535990345
7252 0.024044754694332655
7397 0.024947113628144293
7400 0.017682286091555446
7426 0.03894914953721585
7439 0.022795104853619966
7495 0.01719043221881931
7498 0.033764054748760375
7558 0.015494052013609164
7588 0.03441494427124361
7603 0.02463558792708902
7614 0.014820610437452057
7731 0.028589214260111927
7744 0.027425834175441283
7758 0.07141641455577509
7825 0.04413424432567133
7854 0.07514533507661138
7861 0.02597344806342992
7908 0.012869432799735564
7953 0.0311585428518854
8010 0.019479701918511443
8019 0.025141423527909504
8060 0.13266117772212369
8106 0.01605676160886961
8107 0.032954813911656985
8179 0.023129256290218662
8198 0.035916063523284705
8207 0.010528988103398293
8216 0.10763892909298813
8217 0.024392748161510134
8230 0.035916063523284705
8239 0.047650380533349704
8248 0.01685791034048245
8354 0.03316529443053092
8416 0.047167330339602485
8469 0.08873352884989684
8485 0.03721778610965041
8491 0.023393865171849413
8501 0.011354447907880596
8512 0.02457301015003353
8529 0.015386416911472462
8545 0.03679714076269152
8554 0.03894914953721585
8557 0.02827359060012032
8617 0.006122745426358923
8741 0.035916063523284705
8767 0.012142598355531635
8787 0.015883460177783235
8798 0.06236505982492334
8817 0.022108337513978355
8831 0.02668408647816967
8842 0.024564850107007645
8848 0.01170541042075605
8862 0.05235242512805796
8864 0.08826848865134267
8881 0.01836626063275586
8914 0.041982235551147
8947 0.035916063523284705
8979 0.030326518316364983
9022 0.05191929426242799
9025 0.012005337430363833
9048 0.03316529443053092
9085 0.028578959960304896
9122 0.029942818287178184
9123 0.08841143045777723
9157 0.03789030477083919
9160 0.047822347134319876
9231 0.01330149836726462
9276 0.012247222586008511
9282 0.019956328739454028
9287 0.03316529443053092
9291 0.04413424432567133
9346 0.055960399284150884
9360 0.032349134718247005
9378 0.024947113628144293
9426 0.047167330339602485
9435 0.030326518316364983
9437 0.014067218481654405
9451 0.02642695118578057
9482 0.015940782378106623
9488 0.05235242512805796
9490 0.040313007864089145
9498 0.030326518316364983
9507 0.015940782378106623
9517 0.02005540979773369
9560 0.023712232815995795
9593 0.047167330339602485
9642 0.02769788272089807
9666 0.024757723498722704
9694 0.06615817078534429
9695 0.05235242512805796
9732 0.0137171892244146
9734 0.018608893054825205
9783 0.03679714076269152
9802 0.025141423527909504
9826 0.02323962237664652
9839 0.05235242512805796
9850 0.025436612469507763
9863 0.02597344806342992
9870 0.021978238399350748
9881 0.02457301015003353
9939 0.023551355421211343
9945 0.023393865171849413
9954 0.02769788272089807
10004 0.02124185639732509
10042 0.02573886559947113
10047 0.03779602375235224
10048 0.012142598355531635
10116 0.018260041882429086
10146 0.07359428152538304
10212 0.013102006263940685
10223 0.018054527588191045
10225 0.004587911140173449
10239 0.041982235551147
10266 0.02251278793244259
10348 0.04288382139016789
10361 0.03877583072315611
10362 0.05811650039688314
10371 0.028032090932295917
10378 0.015603258486518966
10429 0.021850363310468034
10430 0.08177414673823451
10436 0.016174567359123503
10473 0.024947113628144293
10480 0.012606931812100507
10486 0.011608048822439791
10492 0.015940782378106623
10551 0.024947113628144293
10558 0.03261092896389676
10563 0.04413424432567133
10627 0.02265261463041478
10694 0.04413424432567133
10697 0.015770116940659266
10708 0.030326518316364983
10731 0.01745393360254252
10739 0.04617699162332968
10868 0.07663762183912123
10887 0.07183212704656941
10920 0.02619676346885698
10941 0.041982235551147
10965 0.02308849581166484
10969 0.03384648545104575
11037 0.01712273482884681
11039 0.02237552700727479
11043 0.07559204750470448
11055 0.03894914953721585
11057 0.020155820842777963
11068 0.030730968734829223
11077 0.02889732760445127
11082 0.019956328739454028
11094 0.02619676346885698
11134 0.04295870573926027
11144 0.02089917768030925
11168 0.030730968734829223
11183 0.014387533921811746
11185 0.047167330339602485
11190 0.00976765092310811
11245 0.01565846545692925
11275 0.01623280715761828
11286 0.05235242512805796
11302 0.0210116686804015
11304 0.0137171892244146
11350 0.02690973227324703
11370 0.03779602375235224
11421 0.02827359060012032
11445 0.02642695118578057
11507 0.020891432508427114
11512 0.047102710842422686
11538 0.025756606488383422
11562 0.03894914953721585
11578 0.03441494427124361
11593 0.04413424432567133
11594 0.0814899995634187
11616 0.019387915361578054
11688 0.02089917768030925
11702 0.024757723498722704
11712 0.01660214147617968
11714 0.04072155831583653
11744 0.017327693143987112
11756 0.03316529443053092
11810 0.05235242512805796
11815 0.017397279790324714
11826 0.016728932825757666
11865 0.014067218481654405
11866 0.011771029355011729
11932 0.028578959960304896
11954 0.031612045974236044
11969 0.006200587029260628
12005 0.03565793493681441
12014 0.010281902908004847
12039 0.012142598355531635
12063 0.03261092896389676
12083 0.035957165332940695
12092 0.03316529443053092
12098 0.023876646259315883
12127 0.03316529443053092
12144 0.047167330339602485
12188 0.03209482706170251
12243 0.041982235551147
12267 0.03894914953721585
12270 0.00979392137950806
12320 0.047167330339602485
12471 0.021850363310468034
12476 0.02889732760445127
12566 0.027163333187806227
12614 0.009488353318626932
12670 0.047167330339602485
12749 0.0373831029417208
12757 0.015386416911472462
12865 0.06711899133184862
12868 0.021125877166562102
12911 0.02089917768030925
12912 0.03779602375235224
12964 0.02463558792708902
12968 0.08989291333235175
13000 0.02005540979773369
13002 0.024757723498722704
13016 0.007996071055844904
13026 0.02323962237664652
13031 0.02428519671106327
13055 0.01443443382802815
13060 0.016234173336151497
13096 0.07033609240827203
13098 0.030326518316364983
13115 0.02089917768030925
13123 0.06517703232469862
13133 0.030455627147433145
13141 0.028578959960304896
13144 0.024216728027672465
13148 0.01911912558791658
13154 0.031612045974236044
13164 0.05235242512805796
13165 0.02005540979773369
13173 0.017755267261043293
13193 0.017467519841959298
13214 0.055637398332965236
13233 0.03209482706170251
13239 0.011938901823267335
13370 0.023396150717071094
13372 0.013102006263940685
13398 0.0373831029417208
