465
t_index tf-idf
107 0.034382807706215934
122 0.023321399719570913
160 0.032473465848573586
216 0.03137679383275621
292 0.03373948077931827
332 0.04845491533262593
389 0.027389395629506857
398 0.015593253693817807
405 0.006824814124401754
414 0.06075637947488448
472 0.027602728153610773
581 0.05747764271931034
588 0.020077378614084884
652 0.026214131239792385
678 0.08565396104874318
689 0.04315401434238492
732 0.028258658835918354
776 0.03641212301619127
784 0.018725364568765043
796 0.03470681405281739
818 0.011968129616784808
819 0.060818921118514196
927 0.031041529307012084
999 0.015493702894352732
1009 0.0352368586264768
1017 0.04276220816600269
1044 0.03641212301619127
1055 0.03866800303264312
1072 0.01600398129626038
1092 0.03931222994753121
1096 0.010855369759587069
1130 0.08079904243888125
1140 0.020164287789096274
1150 0.018227464225566006
1231 0.024272707933549596
1239 0.0352368586264768
1283 0.040399521219440626
1285 0.05178493555268711
1338 0.011968129616784808
1359 0.03071941584956803
1368 0.02487026889777058
1404 0.03778411155145077
1447 0.03866800303264312
1495 0.04883614347077657
1497 0.11335233465435232
1502 0.05178493555268711
1514 0.05747764271931034
1532 0.06941362810563478
1562 0.04603980993921661
1668 0.03943218794594152
1746 0.024129872326404886
1815 0.05747764271931034
1846 0.05747764271931034
1873 0.04217610303065421
1875 0.03137679383275621
1881 0.024418071735388285
1908 0.04425958601316122
1927 0.041496193235258
1930 0.014256008130975302
1985 0.014129329417959177
1990 0.08079904243888125
1994 0.029274853878312572
1996 0.07713375769307595
2101 0.05806153016703513
2105 0.024418071735388285
2176 0.029274853878312572
2179 0.05747764271931034
2185 0.05747764271931034
2266 0.06574834335982947
2268 0.023366525329793286
2275 0.017693107317652355
2288 0.02061318860770624
2295 0.018652361062316363
2297 0.024129872326404886
2311 0.03856687884653798
2377 0.026033621986777115
2380 0.054778791259013714
2414 0.03943218794594152
2437 0.019255409142424455
2460 0.012815565280627985
2471 0.03059629967369197
2554 0.02537280043112508
2571 0.008047897225034868
2581 0.047164293423378675
2582 0.014384671447461644
2593 0.02306867699814312
2608 0.03856687884653798
2657 0.04339337692576724
2661 0.027389395629506857
2667 0.036181160767182405
2753 0.04845491533262593
2841 0.021368574342014238
2898 0.015154481326663338
2939 0.041496193235258
2961 0.041496193235258
2964 0.028046773612695038
2973 0.02201880192032767
2981 0.0223540664460718
2982 0.014471580622473038
3049 0.018437165159781645
3058 0.09690983066525186
3080 0.019906271583502937
3115 0.05747764271931034
3116 0.05747764271931034
3117 0.029822579493028124
3119 0.07713375769307595
3137 0.040399521219440626
3165 0.02201880192032767
3211 0.03856687884653798
3254 0.03706950099937945
3387 0.04609222838606387
3498 0.11495528543862069
3522 0.014828716906545905
3560 0.022240784092833546
3589 0.04382004197397507
3631 0.021376646358382555
3642 0.032473465848573586
3644 0.04276220816600269
3721 0.034679276934507446
3730 0.05206724397355423
3757 0.06852316883899455
3769 0.023321399719570913
3823 0.025856994955719515
3834 0.04425808608796327
3843 0.03470681405281739
3855 0.041496193235258
3865 0.07604646642116653
3876 0.01033763961102363
3880 0.020990857003469223
3919 0.030409460559257098
3933 0.044937866438370846
3941 0.05178493555268711
3947 0.06574834335982947
3964 0.026033621986777115
3974 0.041496193235258
4014 0.05747764271931034
4027 0.01487447101039005
4033 0.01902404622601062
4038 0.03172632915340035
4045 0.055524817341753664
4059 0.13694099625823128
4102 0.029014106886194154
4123 0.05747764271931034
4131 0.0680435784003708
4144 0.027602728153610773
4153 0.05747764271931034
4207 0.028091899222917403
4225 0.10733663727039659
4241 0.0076196426579495
4283 0.028046773612695038
4286 0.04609222838606387
4404 0.05413636432010649
4424 0.03943218794594152
4458 0.04609222838606387
4461 0.012673961076199204
4553 0.013331339059387383
4619 0.02070599005158106
4623 0.025514743751205653
4652 0.041496193235258
4715 0.013106315657297219
4743 0.04425958601316122
4745 0.03172632915340035
4746 0.023450738461889165
4779 0.01850827244725122
4794 0.03329543532023401
4799 0.05178493555268711
4807 0.01795569673145327
4814 0.028761384164766358
4856 0.009438071862496285
4893 0.03641212301619127
5051 0.057522768329532716
5103 0.016217313820364298
5139 0.02159206487734095
5301 0.08552441633200537
5356 0.04276220816600269
5371 0.020077378614084884
5394 0.033668535138070194
5409 0.010206650544094475
5514 0.04770288858646065
5576 0.04425958601316122
5580 0.02697866802706428
5615 0.12044311560804608
5616 0.03011077890201152
5701 0.04609222838606387
5702 0.010827291645405909
5705 0.05178493555268711
5715 0.08863245437956067
5726 0.01999137949950974
5735 0.02159206487734095
5736 0.025856994955719515
5755 0.04425958601316122
5756 0.05178493555268711
5778 0.040399521219440626
5790 0.05747764271931034
5793 0.040399521219440626
5831 0.05178493555268711
5840 0.03778411155145077
5874 0.026511288284004866
5941 0.04609222838606387
5957 0.028516206542995113
5994 0.032874171679914736
6121 0.018366668242822442
6127 0.03706950099937945
6266 0.023582146711689338
6281 0.05747764271931034
6303 0.01850827244725122
6354 0.03420891370961835
6373 0.07757098486715854
6381 0.0776534129943375
6509 0.01277785693535254
6515 0.015847541511086166
6540 0.018296771306898572
6550 0.0223540664460718
6566 0.010633387587081192
6578 0.014171338923357726
6585 0.05489031392069572
6626 0.020252126491628157
6672 0.026214131239792385
6680 0.01887614372499257
6688 0.02782175021060487
6727 0.015796050180045023
6771 0.026815476251294667
6774 0.023321399719570913
6817 0.03265218950740886
6924 0.05178493555268711
6986 0.01380077198968746
6996 0.030409460559257098
7002 0.018971090121133617
7007 0.030409460559257098
7041 0.041496193235258
7044 0.031041529307012084
7065 0.03856687884653798
7086 0.032874171679914736
7106 0.02319406631004214
7133 0.05178493555268711
7170 0.03947731355616388
7182 0.022823499376371875
7222 0.013293404394260227
7237 0.03420891370961835
7252 0.026398697218204297
7264 0.0352368586264768
7314 0.06061792530665335
7363 0.2415345260270934
7377 0.026033621986777115
7389 0.015249980546865181
7401 0.04845491533262593
7449 0.029014106886194154
7478 0.03137679383275621
7495 0.018873347678678404
7522 0.03172632915340035
7569 0.0431841297546819
7604 0.0834652506318146
7629 0.04845491533262593
7758 0.009800995727729496
7759 0.0352368586264768
7762 0.025856994955719515
7802 0.0352368586264768
7806 0.040399521219440626
7854 0.008250194161953908
7900 0.040399521219440626
7953 0.03420891370961835
7980 0.20199760609720313
8045 0.03943218794594152
8090 0.022945173311415625
8106 0.017628692552947675
8115 0.023582146711689338
8179 0.030472287604496648
8207 0.011559758978169148
8218 0.029118838650009842
8239 0.03487685038513074
8305 0.040399521219440626
8388 0.030409460559257098
8470 0.05747764271931034
8494 0.09651948930561954
8504 0.03778411155145077
8527 0.05178493555268711
8529 0.03378544439172478
8553 0.0741390019987589
8566 0.03943218794594152
8578 0.018725364568765043
8617 0.02688860913065437
8630 0.03580348606863476
8634 0.024418071735388285
8652 0.03856687884653798
8658 0.05747764271931034
8702 0.09690983066525186
8711 0.06208305861402417
8746 0.05747764271931034
8754 0.03420891370961835
8761 0.04276220816600269
8767 0.013331339059387383
8778 0.03329543532023401
8787 0.03487685038513074
8796 0.05178493555268711
8811 0.04845491533262593
8831 0.014648207653530637
8842 0.06742427282262053
8848 0.0385540534025725
8881 0.020164287789096274
8909 0.05747764271931034
8910 0.05747764271931034
8948 0.04010682524216809
8955 0.027389395629506857
8961 0.05747764271931034
8987 0.02456605484530164
9024 0.032874171679914736
9025 0.013180640512055166
9026 0.018158737126607084
9028 0.022129043043981635
9052 0.018366668242822442
9110 0.02827813652910887
9128 0.03706950099937945
9133 0.03329543532023401
9160 0.12250951400393234
9166 0.07810086596033135
9170 0.02954415145985356
9229 0.02306867699814312
9234 0.04845491533262593
9269 0.05747764271931034
9276 0.053784823330004033
9294 0.023582146711689338
9410 0.04690147692377833
9445 0.024129872326404886
9483 0.0334371836966634
9579 0.09328559887828365
9595 0.11495528543862069
9607 0.023715691774406078
9634 0.00987554547166717
9649 0.02159206487734095
9689 0.04845491533262593
9690 0.03943218794594152
9693 0.02319406631004214
9719 0.08782456163493772
9744 0.04845491533262593
9796 0.10571057587943039
9797 0.11817660583941424
9798 0.03778411155145077
9799 0.05747764271931034
9850 0.013963407807142367
9870 0.04825974465280977
9881 0.02697866802706428
9959 0.04276220816600269
9960 0.04845491533262593
10007 0.03856687884653798
10040 0.028046773612695038
10042 0.028258658835918354
10043 0.027389395629506857
10116 0.013365113596815408
10223 0.019822036584582415
10225 0.010074120413631179
10228 0.03329543532023401
10249 0.03641212301619127
10270 0.04276220816600269
10319 0.03470681405281739
10361 0.04257192172088209
10378 0.034261584419497275
10439 0.02487026889777058
10444 0.016834267569035097
10455 0.07654423125361695
10457 0.18805319366039444
10458 0.1341243986764308
10486 0.012744457993158409
10641 0.05178493555268711
10658 0.032874171679914736
10787 0.03641212301619127
10837 0.017758031295265927
10850 0.05747764271931034
10875 0.03071941584956803
10928 0.07713375769307595
10939 0.019906271583502937
10948 0.05178493555268711
10988 0.02487026889777058
11013 0.08946773847908439
11028 0.03373948077931827
11056 0.024272707933549596
11062 0.04609222838606387
11103 0.02487026889777058
11121 0.032091404384827535
11134 0.023582146711689338
11137 0.02658750646222262
11171 0.03856687884653798
11190 0.016085832182331682
11204 0.018090580383591202
11275 0.017821972675665012
11290 0.04609222838606387
11302 0.02306867699814312
11313 0.07810086596033135
11326 0.04609222838606387
11335 0.03373948077931827
11337 0.032874171679914736
11361 0.020990857003469223
11364 0.03706950099937945
11368 0.03137679383275621
11376 0.03420891370961835
11380 0.040399521219440626
11392 0.09948107559108232
11406 0.06574834335982947
11446 0.02258542936248563
11507 0.011468334949878024
11511 0.0741390019987589
11530 0.028516206542995113
11616 0.021285960860441044
11674 0.031041529307012084
11714 0.0223540664460718
11721 0.026780758681950345
11741 0.015298149836845985
11770 0.03373948077931827
11779 0.018799022823920458
11865 0.03088875275463308
11895 0.017191403853107967
11927 0.04276220816600269
11947 0.05747764271931034
11952 0.041496193235258
11969 0.020422843357078287
12000 0.02041330108818895
12034 0.028516206542995113
12047 0.03071941584956803
12066 0.05747764271931034
12068 0.05747764271931034
12101 0.025684086666132974
12159 0.0352368586264768
12161 0.010001318839326206
12169 0.05908830291970712
12217 0.032473465848573586
12270 0.00537636520653443
12313 0.058549707756625144
12359 0.030409460559257098
12400 0.02456605484530164
12402 0.03778411155145077
12471 0.02398947847352181
12570 0.03856687884653798
12578 0.04425958601316122
12603 0.020340914820153877
12608 0.0048861098515883775
12614 0.03125174320245585
12755 0.01933400151632156
12757 0.01689272219586239
12801 0.019177561731147343
12802 0.05802821377238831
12812 0.05747764271931034
12851 0.019822036584582415
12865 0.014737966365515689
12916 0.0447081328921436
12922 0.05178493555268711
12928 0.08604935595224227
12986 0.021212113956340553
13014 0.014966751086837395
13016 0.0263366203675494
13055 0.015847541511086166
13079 0.04845491533262593
13084 0.02784489184946242
13110 0.035129558151076413
13123 0.03577887909013219
13136 0.040399521219440626
13148 0.020990857003469223
13174 0.016834267569035097
13217 0.016834267569035097
13226 0.03172632915340035
13239 0.019661551450008398
13370 0.019264946971896374
13387 0.04662998237585168
13389 0.030409460559257098
13417 0.04403760384065534
13418 0.017564779075538207
13437 0.05747764271931034
